[9.130576941205725e-05, -2.4843102203565458e-05, 0.00017103674463109667, 1.1449399355130693e-08, 1.3986586676328454e-05, 0.0]
[-0.012504973460731159, 0.023181601725804184, -0.04504962561438287, 1.0640604566479483e-05, -0.001923349459125101, 0.0]
[-0.025409086275829364, 0.04541922532092214, -0.08889091861654663, 3.549785573147081e-05, -0.0038866597456484863, 0.0]
[-0.03863062035427815, 0.06672622584716142, -0.1314491738852991, 7.844034279389224e-05, -0.005859469277791458, 0.0]
[-0.05217112443502635, 0.087130713616867, -0.17280565398897113, 0.00016927348528478526, -0.00787518950624074, 0.0]
[-0.06590507154578121, 0.10665035138496222, -0.21302790805503768, 0.00020975065455898712, -0.010745788679088904, 0.0]
[-0.08010081193159842, 0.125300235595152, -0.25217644129877, 0.00031194412368209374, -0.012851094429843172, 0.0]
[-0.0946044451853072, 0.14308280970687579, -0.29029834509247987, 0.0004829105272375871, -0.015180618701394985, 0.0]
[-0.1096334910443219, 0.16000068154395883, -0.32743780217248736, 0.0006581931349837449, -0.016472133259074692, 0.0]
[-0.12502371928325567, 0.17604284022475633, -0.3636260108639622, 0.000824066607744696, -0.017758728029068548, 0.0]
[-0.14057943449701474, 0.19119026869181965, -0.39888649571222123, 0.0009553734859655548, -0.020205414120665576, 0.0]
[-0.15625032515175888, 0.20541989950347264, -0.43323826054291853, 0.0010866835067728357, -0.024088810274538713, 0.0]
[-0.17248376905074184, 0.21871877381502197, -0.4667054221569549, 0.0011814850785367586, -0.02685086429308351, 0.0]
[-0.18895084652115213, 0.23104544304173702, -0.49929082518578094, 0.0013550281476945882, -0.030392066593160724, 0.0]
[-0.20580548930023226, 0.24236827299040234, -0.5310034758031296, 0.001522742464497561, -0.03385111402713248, 0.0]
[-0.22309854187368883, 0.2526478112074505, -0.5618453683495264, 0.0017053842053362607, -0.03696436909069065, 0.0]
[-0.2408214194486722, 0.2618368341092547, -0.5918124347617584, 0.001912218837047517, -0.03979701088685419, 0.0]
[-0.25900503109611583, 0.2698846485739761, -0.6208972390758742, 0.002155151212408106, -0.042194505022764506, 0.0]
[-0.27767850612080147, 0.2767353191622978, -0.6490878245938113, 0.002439020016677538, -0.04401228642496545, 0.0]
[-0.29714716470039587, 0.28234375457214966, -0.6763758770426526, 0.002792594427097917, -0.04365123291342658, 0.0]
[-0.31487044867139635, 0.28648818607854676, -0.7026797584267305, 0.0014543500334314558, -0.05440163486794684, 0.0]
[-0.33430950262010295, 0.28930003547547417, -0.7280468840460879, 0.001678164217379082, -0.058058029308661725, 0.0]
[-0.3542233043754442, 0.2906320267872751, -0.7524270465478824, 0.0017599787125851512, -0.0611387127233226, 0.0]
[-0.3740572642358719, 0.2903575126195, -0.7757662938319996, 0.0017090792095484115, -0.06644122286586196, 0.0]
[-0.39477970017980885, 0.28847277499338175, -0.7980534184070955, 0.0021417854072608, -0.06899092808931791, 0.0]
[-0.41569318604988825, 0.284835960396589, -0.8192321863557357, 0.002237421999647087, -0.07229095912491992, 0.0]
[-0.43680149539646823, 0.2793590408617123, -0.8392521068200852, 0.0023546014385875903, -0.07624954646535567, 0.0]
[-0.458349858685433, 0.2719829409678495, -0.858074761152893, 0.0024746196848399776, -0.07957998844164123, 0.0]
[-0.48012017096881404, 0.26260509021242584, -0.8756398934535837, 0.0026249495494995567, -0.0832924433461754, 0.0]
[-0.502201538481121, 0.2511615126873386, -0.8918989966831413, 0.0027629579406572495, -0.08686731494338888, 0.0]
[-0.5243701604564344, 0.23755876100562862, -0.9067851198945018, 0.00306268732191806, -0.09130716772985029, 0.0]
[-0.5469960399535041, 0.22179190127283413, -0.9202667122277639, 0.0031981376872382257, -0.09472038250372815, 0.0]
[-0.569800312309799, 0.203785755715617, -0.9322693287296864, 0.0036382995029186718, -0.09836291666792502, 0.0]
[-0.5930502696521999, 0.18356126389557864, -0.9427633975891325, 0.003960919961350016, -0.10084558430979518, 0.0]
[-0.6161048942505964, 0.1610229630808467, -0.9516598004466575, 0.004668342866916815, -0.10512936224360686, 0.0]
[-0.6400798134667525, 0.13637361082926797, -0.9589991626647736, 0.004523284412589409, -0.10576627925055025, 0.0]
[-0.6633226059708884, 0.1093875793871503, -0.9645927768450108, 0.006619040297140629, -0.11051773981392711, 0.0]
[-0.6865048198373812, 0.0802575124026277, -0.9685230621361681, 0.007307534055895801, -0.11604433781969468, 0.0]
[-0.709745011650887, 0.04909798430480096, -0.9707474644858821, 0.007914270703068639, -0.12165729119748782, 0.0]
[-0.7335873847638414, 0.01614103652716863, -0.9712768481786995, 0.008947339747711936, -0.12464547706599763, 0.0]
[-0.7570530326925703, -0.018642026861617842, -0.9700651320317646, 0.009750953933855444, -0.12952537826765054, 0.0]
[-0.7520789643154302, -0.012829246813012831, -0.9759550289627824, 0.009727846514168909, -0.12861184854957974, 0.0]
[-0.7470549358593873, -0.007007507621973893, -0.9818163344103246, 0.009691470368366971, -0.127702020376142, 0.0]
[-0.7420017186485454, -0.0011724065020221458, -0.9876505894058507, 0.009625348243644498, -0.12669593094481416, 0.0]
[-0.7368732362350533, 0.00466642179356536, -0.9934533965964776, 0.009575576715715227, -0.12580757245341093, 0.0]
[-0.7316906525716115, 0.010513458917132413, -0.9992265066933512, 0.00951869273798264, -0.12493487402026493, 0.0]
[-0.7264527836506306, 0.016368409985732007, -1.0049694645767373, 0.009460655908305861, -0.12408105294599947, 0.0]
[-0.7211407066138781, 0.0222274891941452, -1.0106804040709798, 0.00942127087202383, -0.12333041425720379, 0.0]
[-0.7157339253269391, 0.02808652399208812, -1.0163573205949532, 0.00942293780276864, -0.12277268119580781, 0.0]
[-0.7102566067888448, 0.033950519477990895, -1.0220022972591223, 0.009432413651442222, -0.1222931490266106, 0.0]
[-0.7047358298612697, 0.039824632084346744, -1.0276172912776596, 0.009424472167834238, -0.12176609646241332, 0.0]
[-0.6991608148917584, 0.04570661625015245, -1.0332010627223076, 0.00941163876748491, -0.12123881408637177, 0.0]
[-0.6935426680609788, 0.051598492443848905, -1.0387541904319537, 0.009383916434052227, -0.12065949322921236, 0.0]
[-0.6878612236884549, 0.057496090355955085, -1.0442746808534842, 0.009361522896728683, -0.12011660202188622, 0.0]
[-0.6823751391095305, 0.06345155312237472, -1.0497911127081365, 0.008744322565122087, -0.11846188250742108, 0.0]
[-0.6766042384929305, 0.0693664241682059, -1.055245088762625, 0.008823620679363785, -0.11782698863812727, 0.0]
[-0.670738919018261, 0.07528098761866259, -1.0606661768083923, 0.00880568950603121, -0.11735870033324135, 0.0]
[-0.6648807773902461, 0.08121314369706253, -1.0660559827517095, 0.008840027558267415, -0.1166105247638863, 0.0]
[-0.6590133862341034, 0.08715945187217461, -1.0714135662114412, 0.008910036371432938, -0.11565594594230336, 0.0]
[-0.653036446144064, 0.09310166032212717, -1.0767357569956475, 0.008906547843933852, -0.11492883665096663, 0.0]
[-0.6469985289048799, 0.09904796187010369, -1.0820232402112318, 0.008893076972411816, -0.11421573171251509, 0.0]
[-0.6408983232393681, 0.10499764737658801, -1.0872754322745914, 0.00887390218391712, -0.11352037304645457, 0.0]
[-0.6347724576087956, 0.1109567602916573, -1.09249324866407, 0.00887374833410536, -0.11268504992165472, 0.0]
[-0.6285466173607239, 0.11691158081392024, -1.0976736141240448, 0.008840067734734064, -0.11202471754159174, 0.0]
[-0.6222729019438217, 0.1228708738741925, -1.1028180180065514, 0.008805641638317048, -0.11131597491432309, 0.0]
[-0.6159535353150659, 0.12883434601133806, -1.1079261484883074, 0.008767524399384207, -0.11054877741319206, 0.0]
[-0.6095847342264297, 0.13480067739356236, -1.1129973559218969, 0.008723819395970214, -0.10973820778658912, 0.0]
[-0.6031630575319907, 0.14076846543895147, -1.118030926392533, 0.00867492786072955, -0.1088979986331036, 0.0]
[-0.5966868453566478, 0.14673665142820833, -1.1230261995409963, 0.008621419637601208, -0.10803408455814985, 0.0]
[-0.5901548032166588, 0.15270418082851286, -1.1279827154249042, 0.008562788701963578, -0.10715103101675032, 0.0]
[-0.5834233745649787, 0.15864468653339117, -1.1328909988258997, 0.008596606934946073, -0.10683542736708099, 0.0]
[-0.5767535748763215, 0.1646039395549383, -1.1377668864487176, 0.008536263385894086, -0.1060149101934302, 0.0]
[-0.5700338117672988, 0.17056075118336914, -1.1426025737706502, 0.008465460347973937, -0.10514833894114313, 0.0]
[-0.5635832162895377, 0.17656922426025004, -1.1474151911264652, 0.008229144344347355, -0.10294779221157871, 0.0]
[-0.5567889602753411, 0.18252192592591007, -1.1521696353946218, 0.008142825486543149, -0.10189193467011413, 0.0]
[-0.5499401816766202, 0.18846800756574034, -1.1568816867708684, 0.008053141587436355, -0.10080843651468852, 0.0]
[-0.5430361470720575, 0.19440607407795144, -1.161550641401179, 0.0079612232502928, -0.09969997295006475, 0.0]
[-0.5357554899853448, 0.20028082360360816, -1.1661577423772091, 0.008086959164106188, -0.0998386542641422, 0.0]
[-0.5287544443834093, 0.20620133595729417, -1.170738789760091, 0.008014828439756507, -0.09862071359166595, 0.0]
[-0.5216951557053628, 0.21210925596303107, -1.175274572024358, 0.007941518511947085, -0.09738974857411906, 0.0]
[-0.5145805530542871, 0.21800340482283054, -1.179764713434358, 0.00785505566075779, -0.0961340360330409, 0.0]
[-0.5074073071050894, 0.223881734667541, -1.1842081535046953, 0.007761828401568352, -0.09486697202548358, 0.0]
[-0.500172396654522, 0.22974207371817568, -1.188604008980636, 0.007666684989032902, -0.09359998980711394, 0.0]
[-0.4928736453771203, 0.2355822842845296, -1.1929513423799316, 0.007572375855801308, -0.09234158021416927, 0.0]
[-0.4855108251111026, 0.24140063025597108, -1.1972493674327305, 0.0074798390459249395, -0.09109277893865753, 0.0]
[-0.47808462454664086, 0.2471952666292993, -1.2014973406113139, 0.007388066817009944, -0.08985091660810952, 0.0]
[-0.4705961396336409, 0.2529644159450107, -1.2056944697795646, 0.007297962696909875, -0.08861212004956574, 0.0]
[-0.46304613629658115, 0.25870614190293884, -1.2098399061999794, 0.007210136285836255, -0.08737401412394377, 0.0]
[-0.4554366751364654, 0.2644186999651454, -1.2139330377984803, 0.007120731671159309, -0.08612920426743571, 0.0]
[-0.4477688428668502, 0.2701000307257675, -1.2179730505677921, 0.007028619378683667, -0.08487436329524292, 0.0]
[-0.44004231350445266, 0.27574771835421785, -1.2219589013929197, 0.0069376406507159205, -0.08361186758880974, 0.0]
[-0.43224563362099927, 0.28135787985688776, -1.2258897609925055, 0.006818455632514646, -0.08238530948294007, 0.0]
[-0.42440240568302645, 0.28693121879785183, -1.2297647773555411, 0.006722199109047043, -0.08110756907603354, 0.0]
[-0.41650354180814353, 0.2924639843072602, -1.2335830897459472, 0.006623813221578196, -0.07981439231194554, 0.0]
[-0.40854961693697367, 0.2979535517753638, -1.2373437654185397, 0.006523414436536172, -0.07850506100170594, 0.0]
[-0.4005411127560598, 0.3033973451648708, -1.2410457827924808, 0.0064211617610394475, -0.07717926685495852, 0.0]
[-0.3924789605953071, 0.3087925373489324, -1.244688251288881, 0.006316574677231984, -0.07583536649400563, 0.0]
[-0.3843637647075643, 0.3141363107157534, -1.2482701184773102, 0.00620989998149551, -0.07447328169823972, 0.0]
[-0.3761954690151645, 0.3194258532375646, -1.2517904134878248, 0.006101892877342608, -0.07309520149530555, 0.0]
[-0.36797477989010924, 0.3246580322534267, -1.2552481059718197, 0.005992556100129098, -0.07170069069479147, 0.0]
[-0.3597020971156776, 0.3298297608710146, -1.2586421418989422, 0.00588176309714955, -0.07029061147961703, 0.0]
[-0.3513798899331192, 0.3349381688522151, -1.2619715785144956, 0.005767750293358683, -0.06885849977562053, 0.0]
[-0.3430072589568665, 0.33997985939614295, -1.2652353026682974, 0.005652433975363992, -0.0674102749101689, 0.0]
[-0.33458398119408417, 0.344951444929306, -1.268432217644912, 0.005536105862905567, -0.06594935900728094, 0.0]
[-0.326112189166051, 0.3498497688462791, -1.2715613115963544, 0.005417921400967101, -0.0644710338851655, 0.0]
[-0.31759336762868606, 0.35467153137900526, -1.27462154610455, 0.005297726308630872, -0.06297291144946142, 0.0]
[-0.3090283494854327, 0.3594132025456313, -1.277611766155123, 0.0051755770110240035, -0.06145536928819482, 0.0]
[-0.30041785638155216, 0.36407138337397393, -1.2805309635463646, 0.005051604633165601, -0.05991899896209571, 0.0]
[-0.29176293731366243, 0.36864251969127093, -1.2833780352769748, 0.00492576993988156, -0.0583635257326927, 0.0]
[-0.2830646469533352, 0.3731230149790377, -1.2861518616312977, 0.004798061642479503, -0.05678886444520208, 0.0]
[-0.2743239828801403, 0.3775092707492144, -1.2888513529927257, 0.004668520239290179, -0.055195178677985644, 0.0]
[-0.26554199361471786, 0.3817977058771607, -1.2914754533267325, 0.0045371342402159565, -0.053582580137365776, 0.0]
[-0.2567177881533739, 0.38598440928683114, -1.2940230054234605, 0.004403736422914874, -0.05195817409943597, 0.0]
[-0.24785656207048043, 0.3900662079940604, -1.2964930278572844, 0.00426858574143795, -0.0503078680610872, 0.0]
[-0.23895744488902645, 0.3940392141254801, -1.2988843997933124, 0.004131491623585274, -0.04863894318375556, 0.0]
[-0.23002165313994222, 0.3978997823663535, -1.301196056156443, 0.003992489402783353, -0.04695150856323176, 0.0]
[-0.22105042503663905, 0.4016442828264445, -1.3034269438331842, 0.003851542759371134, -0.045245729465958576, 0.0]
[-0.21204500975831708, 0.40526910861114274, -1.3055760218938444, 0.0037087219102782537, -0.04352186005825291, 0.0]
[-0.20300669061491605, 0.40877068863027555, -1.3076422669996883, 0.003563928091221442, -0.04178016022728251, 0.0]
[-0.19393819219834907, 0.4121456239736425, -1.3096246963118665, 0.0034172966436441378, -0.04001607367905849, 0.0]
[-0.18483779763596025, 0.41539016612273727, -1.3115222733832228, 0.0032686818258585992, -0.038240367512107756, 0.0]
[-0.1757084472080208, 0.4185010496568065, -1.313334061330669, 0.0031182294672137327, -0.03644800290973095, 0.0]
[-0.1665515377023212, 0.42147495275968133, -1.3150591289571103, 0.002965945670850788, -0.03463927005102367, 0.0]
[-0.15736843843388248, 0.4243086274361041, -1.3166965660103453, 0.0028118460543858866, -0.032814710161770955, 0.0]
[-0.14816037229309484, 0.4269988416198981, -1.3182455191382703, 0.002655996393115705, -0.030975190315597048, 0.0]
[-0.13892891115387723, 0.42954276094488963, -1.319705058213671, 0.0024985230702314325, -0.029121558119448214, 0.0]
[-0.12967536520833706, 0.4319372925543919, -1.321074470859228, 0.002339396164253857, -0.027253944930026586, 0.0]
[-0.1204011928378016, 0.4341796354540177, -1.3223529377989185, 0.0021787602523356516, -0.025373126342673174, 0.0]
[-0.11110790636689055, 0.4362672704591858, -1.3235397664037294, 0.0020167949990377507, -0.023479889325488883, 0.0]
[-0.10179699779389662, 0.43819763824759467, -1.3246342585083124, 0.0018535183276782233, -0.02157473475334324, 0.0]
[-0.09246993110423014, 0.43996844577572897, -1.3256357683557072, 0.001688927832730876, -0.019658587280023322, 0.0]
[-0.0831280234666213, 0.4415773497061938, -1.3265436845829062, 0.0015230784818091154, -0.017732539755512092, 0.0]
[-0.07377265548601546, 0.4430225243741619, -1.3273574847082616, 0.0013560973046937417, -0.015797950236328143, 0.0]
[-0.06440537792068458, 0.44430210358615313, -1.328076684270318, 0.0011879852513838579, -0.013855440804775855, 0.0]
[-0.05502761956943605, 0.44541448674176154, -1.3287008404865683, 0.0010189934414806766, -0.011906172667885125, 0.0]
[-0.045640712354997684, 0.44635817357148017, -1.3292295451642027, 0.0008492543084854308, -0.009951663881595543, 0.0]
[-0.03624641290661001, 0.44713211450563284, -1.3296625213213629, 0.000678499616292352, -0.007992081351613996, 0.0]
[-0.02684612574994883, 0.44773526198512903, -1.3299994780315239, 0.0005070006300684441, -0.006028645531235008, 0.0]
[-0.0174414932190207, 0.44816687986588744, -1.3302402139992444, 0.00033503750716482896, -0.0040620279418951575, 0.0]
[-0.00803405269869436, 0.44842657751035, -1.330384624803683, 0.0001628044646749643, -0.0020932433480360993, 0.0]
[0.0013747544157901245, 0.4485132020383388, -1.3304323912805203, -9.489658589236965e-06, -0.00012306953415615505, 0.0]
[0.01078311390866317, 0.4484275702475332, -1.3303837584747675, -0.00018169887822788456, 0.0018478956901603406, 0.0]
[0.020189613608324993, 0.4481694593425697, -1.330238664353114, -0.0003536180610726106, 0.003818655596689427, 0.0]
[0.02959269966276799, 0.447739169478809, -1.3299971736536267, -0.0005251814908818807, 0.005788160246806851, 0.0]
[0.03899098282572436, 0.44713729852867595, -1.3296594452111465, -0.0006962334052179063, 0.007754974995264797, 0.0]
[0.04838300547797708, 0.4463645959613414, -1.3292257271510304, -0.0008667744677453675, 0.009717992025107883, 0.0]
[0.05776720405388866, 0.44542208163399927, -1.328696240377816, -0.0010366040573569146, 0.011676501747841414, 0.0]
[0.06714213373725574, 0.44431094709755037, -1.328071318028198, -0.0012056416858076925, 0.013629221563586227, 0.0]
[0.07650639128179026, 0.44303262099134, -1.3273513605646183, -0.0013737853649316632, 0.015574958030676893, 0.0]
[0.08585865268995635, 0.44158874789431646, -1.3265368267792486, -0.001540904842737421, 0.017512344000963714, 0.0]
[0.09519724928513759, 0.43998104433157886, -1.3256281605685505, -0.0017070419352014853, 0.019440845925242204, 0.0]
[0.10452069607260274, 0.4382115833705718, -1.3246259244847574, -0.0018721189772878994, 0.021359777326618597, 0.0]
[0.11382760327986717, 0.4362824748119927, -1.323530717392942, -0.0020359007111272276, 0.02326794299117637, 0.0]
[0.12311649221769105, 0.4341960536872028, -1.3223431621192232, -0.002198273533485336, 0.025164648933537044, 0.0]
[0.13238591189093799, 0.43195485679822593, -1.3210639622501614, -0.002359185339149996, 0.027049139805040756, 0.0]
[0.1416342707230831, 0.42956151329316966, -1.3196938386734902, -0.0025186407936142164, 0.028921197817093406, 0.0]
[0.15086024444345209, 0.4270188152978283, -1.3182335618710292, -0.0026764810612658254, 0.030779784778949253, 0.0]
[0.16006247109427163, 0.424329684706236, -1.3166839420081844, -0.0028326402971545553, 0.032624074793050975, 0.0]
[0.16923955930341542, 0.42149717621641664, -1.3150458278448969, -0.0029870729821979657, 0.034453445957044436, 0.0]
[0.17838869340767957, 0.4185242820998131, -1.313320059505026, -0.0031395756750204396, 0.036272247782334864, 0.0]
[0.18751119901540497, 0.4154144976582721, -1.3115076007130826, -0.0032903842165689498, 0.03807073205423454, 0.0]
[0.19660445664108323, 0.4121710433603886, -1.3096093652321903, -0.003439332461530941, 0.03985277556259157, 0.0]
[0.20566714444642334, 0.4087973266141966, -1.307626315316579, -0.003586425787865118, 0.04161791887070423, 0.0]
[0.21469792710297153, 0.40529681786820426, -1.305559436250382, -0.0037316130171509356, 0.04336586109423075, 0.0]
[0.2236955174945544, 0.4016730447092815, -1.303409734627682, -0.0038749039590454076, 0.045096255499559486, 0.0]
[0.23265864651881174, 0.39792957824224584, -1.3011782348612697, -0.004016257794306117, 0.04680881121898275, 0.0]
[0.2415860721467997, 0.3940700246225706, -1.2988659771536695, -0.0041557101709483865, 0.04850326975997255, 0.0]
[0.25047657246494626, 0.39009801422384893, -1.296474015339947, -0.0042932449901062235, 0.0501794293740107, 0.0]
[0.25933103704966604, 0.3860174114582497, -1.2940034568148484, -0.004429119141303915, 0.05182983268794896, 0.0]
[0.2681441723714214, 0.38183143066884884, -1.2914552989596415, -0.00456284399216498, 0.05346878721037562, 0.0]
[0.2769168968208911, 0.37754394445596645, -1.2888306446534221, -0.004694679477736958, 0.05508899345356528, 0.0]
[0.28564813540017586, 0.37315859231226645, -1.286130595422472, -0.004824604375433912, 0.056690292070232816, 0.0]
[0.2943368391053399, 0.36867899775659285, -1.283356237316104, -0.004952685379323049, 0.05827255403377993, 0.0]
[0.30298191457788903, 0.3641087594318548, -1.2805086627375477, -0.005078851349412406, 0.059835946513417865, 0.0]
[0.3115823632939106, 0.35945143703446836, -1.2775889494043795, -0.0052031508715212164, 0.061380473825793334, 0.0]
[0.3201374335849141, 0.3547105941926416, -1.2745982138854732, -0.005325458377592012, 0.06290534748930958, 0.0]
[0.3286462009330812, 0.3498897001215747, -1.2715375271302372, -0.005445664046190154, 0.06441053194863536, 0.0]
[0.33710713899186634, 0.3449921459377943, -1.268407958367854, -0.005564002781951306, 0.06589842362893879, 0.0]
[0.3455182772969911, 0.34002116598814885, -1.2652105330657664, -0.005681065011796555, 0.06737301555437461, 0.0]
[0.3538793223136588, 0.3349801573747924, -1.2619463386557164, -0.005797117220725443, 0.06883259315660854, 0.0]
[0.36219180833146175, 0.32987263621661644, -1.2586165169614687, -0.005909629833549141, 0.07026886291264295, 0.0]
[0.3704531405187491, 0.32470157375015907, -1.255222034968436, -0.006020763405477752, 0.07168860952289922, 0.0]
[0.378662633332894, 0.3194700967387784, -1.2517639279157544, -0.006129827073799494, 0.07309183521282826, 0.0]
[0.38681971604364124, 0.31418131202030086, -1.2482432683196225, -0.006237773023710693, 0.07447841414052744, 0.0]
[0.39492397501226845, 0.3088381348436433, -1.2446609895259393, -0.006343776950307578, 0.07584738551057005, 0.0]
[0.4029750042363577, 0.30344367694403707, -1.2410181781027316, -0.006447945788726975, 0.07719884344555314, 0.0]
[0.4109722391479089, 0.298000576079618, -1.2373157946813675, -0.006549596967799518, 0.07853225167922258, 0.0]
[0.41891484561849224, 0.2925116424464385, -1.2335548140457913, -0.00664916115853171, 0.07984919699693879, 0.0]
[0.42680225293567803, 0.28697950622325247, -1.2297361818502455, -0.0067466127790262185, 0.08115016210498363, 0.0]
[0.4346438640216505, 0.2814080782633711, -1.2258608236086466, -0.006869230686776458, 0.0823987648425943, 0.0]
[0.4424162466099165, 0.27579681075286083, -1.2219295909980177, -0.006961513976610063, 0.08368052154210967, 0.0]
[0.45013064484948095, 0.27014963763113153, -1.2179434158324858, -0.007052377687844448, 0.08495266546214152, 0.0]
[0.45778660928105297, 0.2644688804565537, -1.2139031696061262, -0.007142487293589476, 0.08621586235045268, 0.0]
[0.4653832425162119, 0.25875670823754604, -1.2098096957081526, -0.007232279633283739, 0.08747259249606157, 0.0]
[0.4729195174394879, 0.2530151804649915, -1.2056638077245925, -0.007322472947653925, 0.08872599348398724, 0.0]
[0.48039420606548877, 0.24724624014638777, -1.201466298238744, -0.007413517749732684, 0.08998014340605875, 0.0]
[0.4878060954846715, 0.24145171063201798, -1.1972179403521384, -0.0075057272589282185, 0.09123924190201269, 0.0]
[0.4951539652165331, 0.2356334195769587, -1.1929194763286375, -0.007600319209826945, 0.09250776644969498, 0.0]
[0.5024369650342198, 0.2297930684316491, -1.1885716499428174, -0.0076974467723759064, 0.09378889332566076, 0.0]
[0.5096560109437652, 0.22393259468290472, -1.1841752943442618, -0.007795660271084507, 0.09507912304343358, 0.0]
[0.5168142550611167, 0.2180542614796911, -1.1797313796382485, -0.007891275736658859, 0.0963663581718543, 0.0]
[0.5239158782260293, 0.21216027710971158, -1.1752408773923342, -0.007979709505856171, 0.09763389628457493, 0.0]
[0.5309647328910991, 0.20625312729039838, -1.1707048620135718, -0.008054720867779357, 0.098867144335941, 0.0]
[0.5379585030142963, 0.20033372806390906, -1.1661237375931883, -0.008127851160973526, 0.10007441678051458, 0.0]
[0.5452343969860655, 0.19445985941802274, -1.1615172899354975, -0.00799699206560213, 0.09991506760393994, 0.0]
[0.55212870405053, 0.18852251440364226, -1.1568482363752488, -0.008088621823325818, 0.1010223581536537, 0.0]
[0.5589680044764429, 0.18257716737963864, -1.1521361120374844, -0.008177600869404202, 0.10210362070971488, 0.0]
[0.5654517515363496, 0.17657377369432678, -1.1473640669564356, -0.008435360944045798, 0.1043714530760392, 0.0]
[0.572213979648598, 0.17062138857080283, -1.1425693630714315, -0.00850707018867501, 0.10527386255211492, 0.0]
[0.5789414179632669, 0.16466825263362428, -1.1377348711050184, -0.008559605890283855, 0.1060677905017954, 0.0]
[0.5857179995564259, 0.15873008057250476, -1.1328666263200347, -0.008528010093447018, 0.1064093182798617, 0.0]
[0.5922954503208627, 0.15276455043171194, -1.1279495137508515, -0.008589435681980657, 0.10731360235828309, 0.0]
[0.5988161509001457, 0.14679729838108913, -1.1229930550133584, -0.008646157483002922, 0.10820169194890672, 0.0]
[0.605281799283868, 0.14082951322896287, -1.1179977363363247, -0.00869832741835041, 0.10906739878170701, 0.0]
[0.6116941055391925, 0.1348623106479476, -1.1129642453067823, -0.008745588921773288, 0.10990450786970192, 0.0]
[0.6180552888131353, 0.12889689800924412, -1.1078932524198029, -0.008787230647889962, 0.11070457568441587, 0.0]
[0.6243694086684366, 0.12293468147551767, -1.1027854439620675, -0.008824039872116302, 0.11145138700928034, 0.0]
[0.6306378371370515, 0.11697661106151631, -1.0976413487579528, -0.008858533850610004, 0.11213970373695452, 0.0]
[0.6368530826999915, 0.1110219769318975, -1.0924609906543865, -0.008893515854939228, 0.11280199486818943, 0.0]
[0.6430015596194453, 0.10506930767709337, -1.0872456528510681, -0.00886256724081489, 0.11349734628002003, 0.0]
[0.649048406177766, 0.09911202471425011, -1.0819906456821058, -0.008907063866650043, 0.11437802884189788, 0.0]
[0.6550725238851279, 0.0931653729288472, -1.0767030797680675, -0.008918267520924004, 0.11510746954761021, 0.0]
[0.6610365665196174, 0.08722300036799958, -1.0713809092756472, -0.008917708419751738, 0.11584723443061978, 0.0]
[0.6669422309937798, 0.0812856411940616, -1.0660247068767028, -0.008901804107248296, 0.11659180915827475, 0.0]
[0.6727931859730382, 0.07535434427744571, -1.0606351223873096, -0.008868147161106931, 0.11732698864180525, 0.0]
[0.6785980693807443, 0.06943113591754409, -1.0552132317636334, -0.008808793900018102, 0.11801632606708717, 0.0]
[0.6843645752064835, 0.06351771423434695, -1.0497599666130162, -0.008717877903024002, 0.11862722271187334, 0.0]
[0.6898320584704454, 0.05756091180383575, -1.044241571345561, -0.009385431087727809, 0.12032109109964467, 0.0]
[0.6954895557305953, 0.051660797582341295, -1.0387201570718807, -0.009416828258834413, 0.12092731700032538, 0.0]
[0.7011073942402966, 0.045770954688202824, -1.0331679617757987, -0.009434454981671106, 0.1214646984371056, 0.0]
[0.7066714540437841, 0.03988889895479827, -1.02758427064495, -0.009446472307407345, 0.12199777416885875, 0.0]
[0.7121828754009852, 0.03401500482505068, -1.0219694877828487, -0.009451428861482062, 0.12252353129247043, 0.0]
[0.7176550518934254, 0.02815205676956925, -1.016325136784824, -0.009433400060125562, 0.12298273191881606, 0.0]
[0.7230348317201641, 0.022289711976671515, -1.0106468696551865, -0.009448372386692307, 0.12362043530501968, 0.0]
[0.7283283877689504, 0.0164291234652224, -1.0049352653915455, -0.00949470593320166, 0.1244128830149337, 0.0]
[0.7335542492465232, 0.010573976053324002, -0.9991921740770892, -0.009553444333369585, 0.12527884243145276, 0.0]
[0.7387249798637254, 0.004726700761871349, -0.9934189144825359, -0.009609955264749477, 0.12616356573130802, 0.0]
[0.7438394736700867, -0.0011127528518637482, -0.9876158135535464, -0.009661147930066468, 0.12707400279301462, 0.0]
[0.7488816206110953, -0.006947728651110746, -0.9817815106856396, -0.009726510148283383, 0.1280888895628176, 0.0]
[0.7538999171288829, -0.012768539322172649, -0.9759206265843098, -0.00975566981287338, 0.12898275409142126, 0.0]
[0.7588688731266668, -0.01858022250394744, -0.9700311567216524, -0.009773345702135781, 0.12987710878165024, 0.0]
[0.7522913562267735, -0.020143760716778973, -0.9683960873891635, -0.009467748425617328, 0.12835485668914545, 0.0]
[0.7457479540748158, -0.02175774649386021, -0.9667052699452903, -0.009154979955146572, 0.12676639938044437, 0.0]
[0.7391821352676274, -0.023433005421204953, -0.9649540725866044, -0.00887785762624645, 0.1253833160231334, 0.0]
[0.7325995717296766, -0.025167697098750268, -0.9631433984436916, -0.008627479461316902, 0.12418186610945141, 0.0]
[0.726009686490641, -0.026959255724475478, -0.961274415611662, -0.008397922748872924, 0.12312007785213892, 0.0]
[0.7194349397603261, -0.028802848569540605, -0.9593491807416077, -0.00817203765474084, 0.12209334436523275, 0.0]
[0.712895587760527, -0.030694020465826723, -0.9573695409689182, -0.007939135472979439, 0.12100683831678545, 0.0]
[0.7065080391530074, -0.03260695253297518, -0.9553615182601217, -0.0069287655710891785, 0.11930190734669972, 0.0]
[0.6999320001957335, -0.03461320014570056, -0.9532612490133738, -0.0069166103329071325, 0.11861867817834862, 0.0]
[0.6934128503507326, -0.03666122027286066, -0.9511102644891472, -0.006833234509037784, 0.11777959324918194, 0.0]
[0.6869448367308439, -0.038751883569202256, -0.9489075592021677, -0.006713968516282548, 0.11681373549484025, 0.0]
[0.6805145008729832, -0.040887277693783676, -0.946652065803663, -0.006578622580711239, 0.11578761615796616, 0.0]
[0.6741184408111343, -0.043067578903417114, -0.9443435309317743, -0.006441319270020548, 0.11471951258609772, 0.0]
[0.6677628899957518, -0.04529140383489479, -0.9419817805637846, -0.006336831877692354, 0.11358075049628373, 0.0]
[0.661477588011812, -0.0475527225013907, -0.9395708392326702, -0.006175216391442493, 0.11222830412632652, 0.0]
[0.6552097917240942, -0.04986063150881854, -0.9371062160213822, -0.006028097689124267, 0.11091971623248008, 0.0]
[0.6488234053720928, -0.05223602773711468, -0.9345856897661373, -0.005659156496790211, 0.11032147723477437, 0.0]
[0.642568205031906, -0.054638289089909496, -0.9320147940209536, -0.005478372011815971, 0.10921771924231585, 0.0]
[0.6363460771306033, -0.05708248644502989, -0.9293925632840909, -0.005288887502135192, 0.10808802765352685, 0.0]
[0.6301550508777474, -0.05956843407339627, -0.9267189842627647, -0.0050984821082319534, 0.10694333831864332, 0.0]
[0.6239911654969809, -0.06209624441450501, -0.9239940896679044, -0.004908857678221486, 0.10580460162118223, 0.0]
[0.6178509496420728, -0.06466588916665565, -0.9212179930984842, -0.00472041923598938, 0.10469068600331721, 0.0]
[0.611732458305136, -0.06727706513607334, -0.9183909092205459, -0.00453245094752198, 0.10361272632766735, 0.0]
[0.6056349950881481, -0.06992927013889799, -0.9155131111991853, -0.004345154799215012, 0.10257580132643926, 0.0]
[0.5995591338268471, -0.07262182410886367, -0.9125849237540645, -0.004159661029028717, 0.10157874971113066, 0.0]
[0.5935075547513715, -0.0753536916311668, -0.9096068139606546, -0.0039751379597274044, 0.10060952231224929, 0.0]
[0.5874871335500961, -0.0781232415822096, -0.906579491253325, -0.0037901592585801976, 0.0996354415549338, 0.0]
[0.5815040751380891, -0.08092900733510577, -0.9035035485901557, -0.0036059227983007897, 0.09862654887692698, 0.0]
[0.5760407685801722, -0.08369855015590281, -0.9004117639485829, -0.0030110336271250895, 0.09516302564561496, 0.0]
[0.5699723148779579, -0.08659978393541311, -0.8972264721784577, -0.003076249279447448, 0.09488657657492076, 0.0]
[0.5639526891418698, -0.08953357400091562, -0.8939943210774689, -0.003133931296926721, 0.09452393014172755, 0.0]
[0.5579602470917362, -0.09250276270440311, -0.8907132968767781, -0.0032485334967300933, 0.09418473905229083, 0.0]
[0.5520595401969658, -0.09549692156592224, -0.8873904468733301, -0.00323652283662778, 0.09354291077942324, 0.0]
[0.5461916502921168, -0.09852438085304356, -0.8840209745555399, -0.0032100362199297236, 0.0928966258160326, 0.0]
[0.5403665234018615, -0.10158327206594316, -0.8806052175036252, -0.0031931134679306855, 0.09219556905110243, 0.0]
[0.5346539381661407, -0.10466295762600338, -0.8771496970199885, -0.003035544942693847, 0.09108382985589078, 0.0]
[0.5289879122593965, -0.1077726927767532, -0.8736491497768566, -0.002856552473977316, 0.0898968397942451, 0.0]
[0.5233938935234241, -0.11090878484330285, -0.8701044804637821, -0.002686573426919427, 0.08850405593787776, 0.0]
[0.5177579209625172, -0.11408589131073185, -0.8665101300577209, -0.002551646533671495, 0.08749072599188633, 0.0]
[0.5121404325397383, -0.1172953154410441, -0.8628696573602949, -0.002428258040507336, 0.08654926325632188, 0.0]
[0.5067692639895561, -0.12050670254434234, -0.8591968854205054, -0.0021556869310743907, 0.08450025215050486, 0.0]
[0.5011410575514875, -0.12378528447396135, -0.8554623796704631, -0.0020926959404079723, 0.08394889085682924, 0.0]
[0.49555902841736194, -0.12709092578295308, -0.8516836271822897, -0.0020684697862894314, 0.08332929881415672, 0.0]
[0.49014483405794546, -0.13040803890264496, -0.8478669523535018, -0.0020548899358246984, 0.0820058154366401, 0.0]
[0.48464924051683544, -0.1337670491380493, -0.844001440005038, -0.0020369355001849374, 0.08127815401186726, 0.0]
[0.47920244041184934, -0.1371513547228751, -0.8400934824076504, -0.0020088176684985243, 0.0804673815230524, 0.0]
[0.47378444892316773, -0.14056275255320386, -0.8361420943355505, -0.001994732540404174, 0.07967943510881104, 0.0]
[0.4684090740606482, -0.14399931204438, -0.8321485052325512, -0.0019700110579291682, 0.07884058605808623, 0.0]
[0.4630809828697193, -0.14745979111610888, -0.8281143032913878, -0.0018660526030798842, 0.077926158968738, 0.0]
[0.45779037636253594, -0.15094534817037183, -0.8240369770714101, -0.0018295440922915106, 0.07698765138414651, 0.0]
[0.4525353783845362, -0.15445557886027636, -0.8199178081718643, -0.0017913436631166655, 0.07603485354300066, 0.0]
[0.4473149088369523, -0.15799016153491852, -0.8157570219508821, -0.0017522106976086368, 0.07507354935033989, 0.0]
[0.44212743917150676, -0.1615488536276802, -0.8115547836792373, -0.0017133322405744078, 0.07411162983225356, 0.0]
[0.4369755523708209, -0.165130945043661, -0.8073115202147519, -0.001671543736864079, 0.07313515054890417, 0.0]
[0.4318541690682794, -0.16873659189333287, -0.8030272068759978, -0.0016316522403213864, 0.0721713403914562, 0.0]
[0.42674867177351783, -0.17236698159286357, -0.798701332964764, -0.0016055814736996243, 0.07129941433190053, 0.0]
[0.42169094732966544, -0.17601816699162387, -0.7943358282419427, -0.0015667268454773644, 0.0703464844974448, 0.0]
[0.4166636288309863, -0.17969172936353778, -0.7899300391518741, -0.0015286876682702234, 0.06940641666250899, 0.0]
[0.41166689913292903, -0.18338722573000948, -0.785484217777517, -0.001491204676898798, 0.068478004627476, 0.0]
[0.4067008806692087, -0.18710428286127825, -0.7809986121202545, -0.0014543713867999754, 0.06756041733276445, 0.0]
[0.4017657560549098, -0.19084246913345815, -0.7764735003082637, -0.001417705220937221, 0.06665248450445625, 0.0]
[0.39686154515387956, -0.19460146298112677, -0.7719090809352838, -0.0013804773530575597, 0.06575365654407454, 0.0]
[0.3919883212594106, -0.19838084749675733, -0.7673056182086496, -0.0013430517034663245, 0.06486324544865474, 0.0]
[0.3871193503906969, -0.20218289658344332, -0.7626621592457499, -0.001313889404258782, 0.06412949420336579, 0.0]
[0.3823006274560594, -0.2060028095846446, -0.7579808810607053, -0.001281881694230117, 0.063297070936607, 0.0]
[0.3775186838961237, -0.20984155889550174, -0.7532615188520076, -0.0012432484946167666, 0.062439794956616605, 0.0]
[0.37276861171814973, -0.21369931885686763, -0.7485040118567577, -0.001203798792268199, 0.06158444071829039, 0.0]
[0.3680500443438648, -0.21757581859205566, -0.7437085456875114, -0.0011639362139447976, 0.06073252963829826, 0.0]
[0.36336251311941725, -0.22147080185724705, -0.7388752971637103, -0.0011240860144854342, 0.059886152544171976, 0.0]
[0.35870545734038556, -0.2253840251324216, -0.7340044397215403, -0.0010844715631136196, 0.059047922896018, 0.0]
[0.3540784973260425, -0.22931523392367742, -0.729096154587039, -0.0010450201038098529, 0.058219437392430004, 0.0]
[0.3494816684957249, -0.23326414490493885, -0.7241506374503759, -0.001005383503459388, 0.05739992513079596, 0.0]
[0.3449116895188708, -0.23723079860015103, -0.7191678945142721, -0.0009686990997320436, 0.05660750810489925, 0.0]
[0.34037529428117586, -0.24121429328193722, -0.7141484766621942, -0.0009277112055272077, 0.05580316506621332, 0.0]
[0.33586951194716563, -0.24521466688239818, -0.7090923829757028, -0.0008861507630326472, 0.05500312822652097, 0.0]
[0.33139667805447426, -0.2492314480491846, -0.7039999113488555, -0.0008413432825591451, 0.054193087697751274, 0.0]
[0.32695176293334227, -0.25326489626158477, -0.6988709782134868, -0.000797320337488335, 0.053401490137539684, 0.0]
[0.3225124636604535, -0.25731655369606093, -0.69370454614955, -0.0007882660868930697, 0.05275751403804944, 0.0]
[0.31812312235314305, -0.26138255031555885, -0.6885031191853527, -0.0007498073725861669, 0.052002665892293416, 0.0]
[0.3137578679671777, -0.26546478807070684, -0.6832654961761456, -0.0007185223110191891, 0.051286721454373956, 0.0]
[0.3094232978429341, -0.26956255132323825, -0.6779921496295837, -0.000686312447035688, 0.05057033583882471, 0.0]
[0.30510443490445116, -0.2736767229596362, -0.6726826701975024, -0.0006575964921621664, 0.04994113244706993, 0.0]
[0.3008264040373246, -0.2778052750867131, -0.667338098900765, -0.0006252922029750843, 0.049250159106186714, 0.0]
[0.2965942031740447, -0.28194766028716844, -0.6619588366091202, -0.0005772921462819981, 0.048466060853636826, 0.0]
[0.29236303276595405, -0.28610703614274535, -0.6565431122787385, -0.0005544433819252473, 0.04785435239180246, 0.0]
[0.2881702040249662, -0.2902804293018607, -0.6510926452207387, -0.0005219915502506124, 0.047192469182471296, 0.0]
[0.28405112899711055, -0.294465216679097, -0.6456087684241023, -0.00047894714592708657, 0.046266137288582664, 0.0]
[0.2799315466273368, -0.2986665950830456, -0.6400889247489744, -0.00043167735334069405, 0.04551918384853372, 0.0]
[0.2758212503727995, -0.3028836005865067, -0.6345333616904184, -0.0004137256187412815, 0.044893451541649, 0.0]
[0.2717522676157551, -0.30711388325129196, -0.6289435815036476, -0.00038324528570677757, 0.044194467444184864, 0.0]
[0.26771280599726804, -0.31135819336428416, -0.623319217579413, -0.0003438192686070575, 0.04349252904567625, 0.0]
[0.26370240759159497, -0.31561636133693916, -0.6176603496363867, -0.0002995647726315665, 0.04278921299658556, 0.0]
[0.25972128307364184, -0.31988828565782373, -0.6119670120326555, -0.00025303548140868086, 0.04208214154319671, 0.0]
[0.255772532545729, -0.3241736891526412, -0.6062394736978083, -0.0001911689134838252, 0.04135113405207165, 0.0]
[0.25194646716552205, -0.3284667989028325, -0.6004817841950417, 3.3610117691483544e-05, 0.040036589516842164, 0.0]
[0.24804617454809846, -0.33277995039507524, -0.5946850392968215, 6.518791770705022e-05, 0.0393525706742554, 0.0]
[0.24414881794207532, -0.33710809936076175, -0.5888529408334162, 6.487341958600487e-05, 0.038824747642043037, 0.0]
[0.2403030691205617, -0.3414481733134894, -0.5829876750344186, 9.561632697012363e-05, 0.0381489739995717, 0.0]
[0.23647144963348332, -0.3458023011587567, -0.577087732894945, 0.00011900264600579753, 0.037558303177450125, 0.0]
[0.23268923852544263, -0.350168439565435, -0.5711544014008042, 0.00015463987989373573, 0.036829942694526566, 0.0]
[0.2289355616535369, -0.3545477162641948, -0.5651869450994932, 0.0001861037217204606, 0.03609317605576709, 0.0]
[0.22517015758276868, -0.3589422903787854, -0.5591841035306977, 0.00019304760609936876, 0.03560183445031052, 0.0]
[0.22144841242349667, -0.3633490214109828, -0.5531477921952248, 0.0002166227421109695, 0.0350054374293287, 0.0]
[0.21775169981367312, -0.36776890130178436, -0.547077384159067, 0.0002394217519174973, 0.03442025824144867, 0.0]
[0.21408166712406154, -0.3722017285266408, -0.5409729757520193, 0.0002653363890982741, 0.0338349620655569, 0.0]
[0.21043952087543638, -0.3766475264880097, -0.5348344927015296, 0.000290273614444134, 0.03324034400403846, 0.0]
[0.2068237804972317, -0.3811063151192173, -0.5286619595755199, 0.00031488213215249457, 0.03264473702189074, 0.0]
[0.20323678099559464, -0.3855779371635766, -0.5224554618030202, 0.0003473649085672958, 0.03203197954567223, 0.0]
[0.19967380925616707, -0.3900626386430132, -0.5162147899002886, 0.00037937351167570914, 0.03143110140729133, 0.0]
[0.19613642384341576, -0.3945602923439434, -0.5099400367510984, 0.0004114018556679451, 0.0308308791241065, 0.0]
[0.19262738371033172, -0.39907080785761473, -0.5036311494744178, 0.00044469752913763066, 0.030212051575074728, 0.0]
[0.1891415241399502, -0.4035943799363433, -0.497288021052975, 0.00047543533870130845, 0.029607332979668076, 0.0]
[0.18567686089689223, -0.4081311632762477, -0.4909104755768193, 0.000499381155978323, 0.02902846795508455, 0.0]
[0.18223767455391662, -0.41268094152256257, -0.4844986920481767, 0.0005277813584448466, 0.028446262768577514, 0.0]
[0.17882244864912872, -0.41724382859531295, -0.4780525003487289, 0.0005551901809464081, 0.027869672457359183, 0.0]
[0.17543256087860543, -0.42181975512512593, -0.47157191562794826, 0.0005823472115462224, 0.027288156143184996, 0.0]
[0.1720648873687658, -0.42640888480921824, -0.4650567777466188, 0.0006075314516277017, 0.026721520585331195, 0.0]
[0.16872073569148904, -0.43101127078473955, -0.4585070022824087, 0.0006302864809896671, 0.026159561713011793, 0.0]
[0.16539966494148867, -0.4356269083907188, -0.451922540799307, 0.0006520607688034939, 0.0256044782034548, 0.0]
[0.16210130862550445, -0.440255867815971, -0.4453032733620944, 0.000674567387720757, 0.025057290808865935, 0.0]
[0.1588296366034632, -0.4448980505066902, -0.4386490760798107, 0.0006582499579115236, 0.02449003810960471, 0.0]
[0.15557839854081745, -0.4495537850196386, -0.43195996172526463, 0.0006712952997036907, 0.023943759181987767, 0.0]
[0.1523495569482149, -0.45422293123458446, -0.4252358145432458, 0.0006852777010205733, 0.02340406180041547, 0.0]
[0.1491439953808677, -0.45890574553852803, -0.4184763625754651, 0.0006978109094961576, 0.022863872506581482, 0.0]
[0.14595998963968812, -0.4636021692069912, -0.41168160381676633, 0.0007076783094087359, 0.022333352218026504, 0.0]
[0.14279763932137354, -0.468312391823931, -0.40485133396605655, 0.0007174609432459938, 0.021811065459094447, 0.0]
[0.13965845464096235, -0.47303640288495885, -0.3979854836039598, 0.0007300232972304579, 0.021285378830432695, 0.0]
[0.13653950437651355, -0.47777442608216214, -0.3910838010614269, 0.0007414142119683733, 0.02077521589706555, 0.0]
[0.13344124626658485, -0.48252651916044714, -0.3841461520898177, 0.0007526136587996088, 0.020276326978612473, 0.0]
[0.13036366087874604, -0.48729277757595607, -0.3771724098764078, 0.0007628494083912082, 0.019787925145593858, 0.0]
[0.1273060004929712, -0.49207334231017663, -0.37016236465977814, 0.0007724107298886553, 0.019313941026178196, 0.0]
[0.1242720471344033, -0.49686824619975783, -0.3631158630986525, 0.0007811156108424889, 0.0188266701000705, 0.0]
[0.12125749449163477, -0.5016777316588892, -0.35603265728443784, 0.0007888979519806408, 0.018355176208671782, 0.0]
[0.11826451050275828, -0.5065018296810054, -0.3489125850472626, 0.0007951966403562588, 0.017882985271670912, 0.0]
[0.1152925519263457, -0.5113407202347307, -0.34175546681289787, 0.0008004240341846525, 0.01741282773109338, 0.0]
[0.11233436197825812, -0.5161947418698967, -0.3345609021086737, 0.0008040762638188807, 0.016995524714631248, 0.0]
[0.10940437949773422, -0.521063615340745, -0.32732895137056317, 0.000805956234773996, 0.016526246594371973, 0.0]
[0.10648900982224972, -0.5259479396921284, -0.3200590953849225, 0.0008060252365140539, 0.01610170594639335, 0.0]
[0.10356948438989418, -0.5308482297420308, -0.31275080510578485, 0.0007969724425222165, 0.01585664426373162, 0.0]
[0.10070984200315865, -0.5357631013149841, -0.3054049824562259, 0.0007983179961289221, 0.015326812380361947, 0.0]
[0.09786300524130839, -0.5406939778078157, -0.29802041318267347, 0.0007985302776116972, 0.014851020299946945, 0.0]
[0.0950556380442035, -0.5456402909566446, -0.2905975883861294, 0.0008750017957709903, 0.014233592642378896, 0.0]
[0.09223673156141088, -0.5506034999893619, -0.2831348907715352, 0.0008747353146942408, 0.013846238925082605, 0.0]
[0.0894364521200683, -0.5555830420129586, -0.2756327677114432, 0.0008723202600741288, 0.013467952973545624, 0.0]
[0.08665323486962899, -0.5605791452408162, -0.26809090601571967, 0.0008674970046987842, 0.013109104276048339, 0.0]
[0.0839230676479384, -0.565591324548369, -0.2605094579721336, 0.0008675370081143803, 0.01250214600299333, 0.0]
[0.08118618292117771, -0.5706209874305712, -0.2528872376812922, 0.0008620295760507594, 0.012087644507712462, 0.0]
[0.07846053880540874, -0.5756680146933915, -0.24522410346955897, 0.0008459530333272443, 0.011732324461698803, 0.0]
[0.07576081227278236, -0.5807322707091027, -0.23752007956556084, 0.0008368011882375189, 0.011326010861148551, 0.0]
[0.07307920861153383, -0.585814239169656, -0.22977451136001936, 0.0008260843624672033, 0.010925320943122766, 0.0]
[0.07041667566782515, -0.5909141041017686, -0.22198711185613768, 0.0008148666277734836, 0.010521886644827219, 0.0]
[0.06777271045986527, -0.5960321380154219, -0.21415743576879437, 0.0008025806427052526, 0.010118456264586984, 0.0]
[0.06514669939304421, -0.6011686011994385, -0.20628506745016967, 0.000789052196762301, 0.00971848939317398, 0.0]
[0.06253785585316883, -0.606323786881946, -0.19836963804243038, 0.0007745738491395284, 0.009326704328308354, 0.0]
[0.05994523355557052, -0.6114979783416322, -0.19041059343781033, 0.0007574772894212134, 0.00894939553274178, 0.0]
[0.057369263467805576, -0.6166915184353717, -0.18240753101974322, 0.0007383967326718225, 0.008582397756298613, 0.0]
[0.05481068431164604, -0.6219045833339047, -0.17436002950075202, 0.0007177689685477527, 0.008218587898317703, 0.0]
[0.052270014563281605, -0.6271375312923294, -0.16626756762166386, 0.0006960621032883323, 0.007853023555901294, 0.0]
[0.04974666308809116, -0.6323906676275298, -0.1581296536043912, 0.00067347750265206, 0.00748909161832742, 0.0]
[0.04725923385120714, -0.6376641744164264, -0.14994590870734828, 0.0006607448353693003, 0.006980767683078992, 0.0]
[0.044766969495038236, -0.6429587608549869, -0.1417154681482982, 0.0006354557751617581, 0.006643956848805778, 0.0]
[0.04229222645634752, -0.648274573460752, -0.1334379248630201, 0.0006087531996086912, 0.006303880221834428, 0.0]
[0.03982925361007608, -0.653612001449448, -0.12511271940902527, 0.0005811649858939458, 0.006004807714736277, 0.0]
[0.037369297680582676, -0.6589714606744822, -0.11673918296521359, 0.0005498032363009241, 0.005814895781422762, 0.0]
[0.03492090725113841, -0.6643532943935945, -0.10831672117676103, 0.0005170327761789598, 0.005666385246863791, 0.0]
[0.032556725519136034, -0.6697572748108644, -0.09984535123614563, 0.0004911125184703926, 0.0049815223287382445, 0.0]
[0.030167146124494466, -0.675184706183503, -0.09132349015092404, 0.0004617843351288132, 0.004627553292403288, 0.0]
[0.027794824339017785, -0.6806357553150785, -0.08275073984585976, 0.00043591021081542536, 0.004265552952418783, 0.0]
[0.02542817945588349, -0.6861107845784149, -0.07412646885881062, 0.0004059790953181407, 0.003987116247463681, 0.0]
[0.02309582358008061, -0.6916101113725814, -0.06545006935339319, 0.0003705545419620052, 0.0035617795461810927, 0.0]
[0.020770182549895547, -0.6971343878133776, -0.056720611158754555, 0.0003384137038980425, 0.003209623273865634, 0.0]
[0.018459561458772044, -0.7026840307577791, -0.047937363951557566, 0.00030634711983802503, 0.0028628938296457918, 0.0]
[0.016163775423789616, -0.7082595118814227, -0.03909957985640905, 0.0002722692793849369, 0.002522437235810241, 0.0]
[0.013884296051580827, -0.7138613501516584, -0.030206353734962468, 0.0002377717724061264, 0.002174810819881999, 0.0]
[0.011619379477579973, -0.7194900341976801, -0.02125689995670416, 0.00020244228206761256, 0.0018333381635713157, 0.0]
[0.009313989387799473, -0.7251462414916736, -0.012250111545825393, 0.00015745994197311657, 0.0019495525899926743, 0.0]
[0.007071603601087626, -0.7308302461385024, -0.0031855131794927827, 0.00012078376718106191, 0.001673205930058219, 0.0]
[0.004850177861420858, -0.7365428166223886, 0.005938139802326593, 4.9630471094861015e-05, 0.0013472220173590627, 0.0]
[0.002673669044737725, -0.7422845022189086, 0.015121742001808153, 3.097232696736884e-05, 0.0007716360365656729, 0.0]
[0.0005152268678602227, -0.7480559505305563, 0.024366365329815738, 1.5028794054732853e-05, 0.00016582279386792432, 0.0]
[-0.0016488057341205202, -0.7422846762147938, 0.015121753854116748, -1.3303012028514437e-05, -0.00036480771713224956, 0.0]
[-0.0038178057026775967, -0.7365432657522195, 0.005938195795479039, -3.106899217442935e-05, -0.0009746795436638598, 0.0]
[-0.006033725568190312, -0.7308307158211683, -0.0031855486668341134, -9.321308543010013e-05, -0.0013170930548360006, 0.0]
[-0.008272590058571736, -0.7251468084786982, -0.012250154803755405, -0.00013114173817165164, -0.0015937094381133833, 0.0]
[-0.010570801956008485, -0.7194906002069033, -0.021256901236990516, -0.0001748552138041436, -0.0015075694066648867, 0.0]
[-0.012832077935255554, -0.7138620429000098, -0.030206352094711526, -0.0002106573515588263, -0.001849987169605284, 0.0]
[-0.01510795157544825, -0.7082603135707197, -0.03909959956383327, -0.0002456420546600323, -0.0021979791981001262, 0.0]
[-0.017399760166986866, -0.702684955486616, -0.047937407868856564, -0.00028012380090333065, -0.00254178657801948, 0.0]
[-0.01970684095973161, -0.6971354178983196, -0.056720650499590235, -0.0003127327008299685, -0.002888012920143383, 0.0]
[-0.022028742083135284, -0.6916112623140269, -0.0654501162990441, -0.0003453302132644361, -0.003241224123823871, 0.0]
[-0.024357766242998864, -0.6861120856587936, -0.07412654484590726, -0.0003800518609455693, -0.003664288104648537, 0.0]
[-0.026720167386949472, -0.6806371377232886, -0.08275084224250853, -0.00041145337466201354, -0.003947347620444661, 0.0]
[-0.029088821356145045, -0.6751862552051381, -0.09132356735315834, -0.00043796272577489046, -0.004309352057717798, 0.0]
[-0.0314744899553359, -0.6697589400560813, -0.0998454399267665, -0.00046769320402358257, -0.0046651095841630415, 0.0]
[-0.03383483771557753, -0.6643551646465278, -0.10831686980387942, -0.0004941571687954797, -0.0053509773036393374, 0.0]
[-0.03627896582914686, -0.6589733671900984, -0.11673936697410275, -0.0005270349372807017, -0.005503665044906806, 0.0]
[-0.03873514543883037, -0.6536140123218914, -0.12511288870454082, -0.0005588397642443485, -0.005693832405430618, 0.0]
[-0.04119414101408427, -0.6482767071763694, -0.13343809628796885, -0.0005869859279959915, -0.0059945597450660835, 0.0]
[-0.043664831875290154, -0.6429610243121961, -0.14171566309189582, -0.0006139657952030442, -0.006336703888579872, 0.0]
[-0.04615315988793451, -0.6376665441911469, -0.1499461295407202, -0.0006399332836746279, -0.006674575672353077, 0.0]
[-0.04863678785554904, -0.6323932345153399, -0.1581298853038071, -0.0006529779890438328, -0.007182633632845756, 0.0]
[-0.05115597124614048, -0.6271402160181443, -0.16626784947349635, -0.0006758920029218453, -0.007549143435651337, 0.0]
[-0.05369257162655251, -0.6219074328162132, -0.17436031405150793, -0.0006979996309246484, -0.007916286213122091, 0.0]
[-0.05624715169735587, -0.6166944931722118, -0.18240785417668062, -0.000719082108527663, -0.008280947492177714, 0.0]
[-0.05881920046595723, -0.6115010955783932, -0.19041094249619528, -0.0007386308275951424, -0.008648064863464604, 0.0]
[-0.06140790575247328, -0.6063270357596658, -0.19837002596235462, -0.0007561940171022258, -0.009025277562264379, 0.0]
[-0.06401277892868404, -0.6011719975070025, -0.20628549949938038, -0.000771147302287543, -0.009417299953054814, 0.0]
[-0.06663473935331587, -0.596035681184627, -0.214157897055192, -0.000785073032016988, -0.009817967023893167, 0.0]
[-0.06927460077909388, -0.5909177786082886, -0.22198762309353834, -0.0007977570594366426, -0.010222282419848806, 0.0]
[-0.07193298221697918, -0.5858181015214728, -0.22977503406223643, -0.0008093529143527715, -0.010626782770443807, 0.0]
[-0.07461042305277486, -0.5807362802806064, -0.23752065678428194, -0.0008200685343529969, -0.011028569621791816, 0.0]
[-0.07730606619586514, -0.5756721544420164, -0.24522477031471895, -0.000830002531163964, -0.011435245471910802, 0.0]
[-0.08002762390886801, -0.5706253363455962, -0.2528878710523564, -0.0008463369852237283, -0.011790674833286276, 0.0]
[-0.08276017305220944, -0.5655958296290149, -0.2605101379862413, -0.0008523173142201156, -0.012207061954101631, 0.0]
[-0.0854858856061682, -0.5605838634012191, -0.2680916443386279, -0.0008522687559724167, -0.012816789063657068, 0.0]
[-0.08826504328671453, -0.5555878868778491, -0.2756335710545964, -0.0008575690901631855, -0.013175090196230884, 0.0]
[-0.09106117824531787, -0.5506084647494782, -0.2831357546360485, -0.0008605139177490891, -0.013553331554070788, 0.0]
[-0.09387578756576574, -0.545645446570866, -0.29059847736127026, -0.0008615183823782354, -0.013941608690765045, 0.0]
[-0.09667610113147679, -0.5406993953412909, -0.29802135564069854, -0.0007856943162038262, -0.014580017229921237, 0.0]
[-0.09952177654927137, -0.5357686850466816, -0.30540599721324724, -0.0007869832331056447, -0.01503361305901543, 0.0]
[-0.10237851068906641, -0.5308540028875915, -0.3127519058251101, -0.0007865842425444405, -0.01555394057036686, 0.0]
[-0.10529361244533395, -0.5259537759398405, -0.32006027785642344, -0.0007959090848345033, -0.015800259887679614, 0.0]
[-0.10820358540632773, -0.5210696894493358, -0.327330141815154, -0.0007960589711165202, -0.016233070838961475, 0.0]
[-0.11112912456203868, -0.5162009984278587, -0.33456213393120987, -0.0007948103486610863, -0.016703455424586868, 0.0]
[-0.11408305551986049, -0.5113471840462603, -0.3417567383468534, -0.0007913283958111825, -0.0171206579278123, 0.0]
[-0.11705125606420146, -0.5065084307237455, -0.3489139842633904, -0.0007873533440562183, -0.01758677579935154, 0.0]
[-0.12004018162855126, -0.5016845257617858, -0.35603409499350946, -0.0007800367475235934, -0.01805685017945964, 0.0]
[-0.12304959082311796, -0.49687527882025323, -0.3631173481483407, -0.0007727219624469082, -0.018533945595792765, 0.0]
[-0.12608016590336937, -0.4920805281542097, -0.3701639519117621, -0.000764318029960175, -0.019014175292369418, 0.0]
[-0.12913261487327377, -0.4873001779058605, -0.37717407972351447, -0.0007551127602193443, -0.019493883959871117, 0.0]
[-0.13220561768545475, -0.482534145934945, -0.38414788373968084, -0.0007451828431093941, -0.019983536305023378, 0.0]
[-0.13529930902899595, -0.4777822699578384, -0.3910855902921835, -0.0007342529291939518, -0.020483276119449736, 0.0]
[-0.13841368719887676, -0.4730444786875188, -0.3979873379876912, -0.0007230399170496265, -0.020993936049641053, 0.0]
[-0.1415484411960719, -0.4683206573012043, -0.40485329345616367, -0.0007107451539990528, -0.021519636615171298, 0.0]
[-0.144706175193835, -0.46361068192266697, -0.41168363099301125, -0.0007009706301240346, -0.022042739397482962, 0.0]
[-0.14788556677241607, -0.458914453784834, -0.41847850253664154, -0.0006912025126489626, -0.022573767458685595, 0.0]
[-0.1510865989400603, -0.4542318926555679, -0.4252380217279677, -0.0006788244542284764, -0.02311411489829175, 0.0]
[-0.15431083571743745, -0.4495629348942113, -0.4319622756403747, -0.0006649294325576151, -0.023654168709089325, 0.0]
[-0.15755738534987704, -0.4449074885806586, -0.4386514540194925, -0.0006524416279818243, -0.02420119440530858, 0.0]
[-0.16082422687274248, -0.4402655417713559, -0.44530576745741407, -0.0006686914164834825, -0.024770046304510206, 0.0]
[-0.16411783303399397, -0.43563683278668186, -0.4519251168966939, -0.0006465476982700962, -0.025318233408045416, 0.0]
[-0.16743436419397034, -0.4310214821871856, -0.4585096347757954, -0.0006249960688586778, -0.025872832807443895, 0.0]
[-0.1707737617430081, -0.4264193594604413, -0.46505953653357596, -0.0006032221136681332, -0.026435367506334125, 0.0]
[-0.1741366796914397, -0.42183048433986586, -0.4715747664430924, -0.0005786961508932757, -0.02700260853947244, 0.0]
[-0.17752210032744134, -0.41725476057454813, -0.478055505785432, -0.0005521708501888751, -0.02758273238238561, 0.0]
[-0.18093226944987317, -0.41269216146563686, -0.48450176439873593, -0.0005251192833295845, -0.028161782079873687, 0.0]
[-0.1843666584226882, -0.4081425987946711, -0.4909137138020529, -0.0004970717505806042, -0.02874466534466807, 0.0]
[-0.18782674697200924, -0.4036061161399355, -0.49729133647719637, -0.0004735582950389058, -0.029322215811603925, 0.0]
[-0.19130772235433208, -0.3990828192440895, -0.5036345682884463, -0.0004432389179177319, -0.02992788616195592, 0.0]
[-0.19481231591452897, -0.39457253386647295, -0.5099435890947, -0.00041057781160452845, -0.030544550541872755, 0.0]
[-0.19834602660170322, -0.3900750818170564, -0.5162185195727851, -0.00037923147306580685, -0.031137551584203386, 0.0]
[-0.20190267748457502, -0.385590764122633, -0.5224592539081176, -0.0003471418590694584, -0.031748249542789424, 0.0]
[-0.20548493342870866, -0.38111945093624955, -0.5286658431279976, -0.00031504186415828335, -0.0323605810580089, 0.0]
[-0.20909587032523644, -0.3766609195737416, -0.5348385269735888, -0.00029081264017301355, -0.03295585425776878, 0.0]
[-0.21273291362293256, -0.3722154119624322, -0.540977126784237, -0.0002661881713051482, -0.03355203926028587, 0.0]
[-0.21639799862726783, -0.36778286179310854, -0.5470816595923118, -0.0002407205564721404, -0.034137869467266074, 0.0]
[-0.22009018433263094, -0.36336323069332543, -0.5531522248163154, -0.00021858759988852678, -0.034720805510953946, 0.0]
[-0.22380620949611474, -0.3589568422455426, -0.5591886225410488, -0.00019499171076566187, -0.03532235020944904, 0.0]
[-0.2275741355018858, -0.3545620654018622, -0.5651918458129729, -0.00019365313892199761, -0.035766722889297914, 0.0]
[-0.23132122654580886, -0.35018324306554227, -0.5711593586552133, -0.00016030730591086236, -0.036514086971617406, 0.0]
[-0.23510214017425557, -0.3458172327481627, -0.5770929646557991, -0.00012603840457194534, -0.03721969720516391, 0.0]
[-0.23891892705853301, -0.3414639687740434, -0.5829926925407121, -9.797940144780933e-05, -0.03787247745523974, 0.0]
[-0.24277790378560157, -0.3371231176360347, -0.588858786281939, -7.824839842072268e-05, -0.038434714395354494, 0.0]
[-0.24665162635784416, -0.3327963973955855, -0.5946903125210372, -6.792787518527054e-05, -0.039078648852074155, 0.0]
[-0.25054707389917524, -0.32848352545074855, -0.6004872668565113, -3.6662312022428906e-05, -0.03976152257175643, 0.0]
[-0.25436881829775504, -0.3241909647079292, -0.6062452173245007, 0.00018795531864620817, -0.041071858616516355, 0.0]
[-0.2583120657041616, -0.319905931057001, -0.6119729240508303, 0.00025061684670530857, -0.041805744339403074, 0.0]
[-0.26228803664624073, -0.31563438295433494, -0.6176664011985219, 0.00029718774584960384, -0.04251348613028664, 0.0]
[-0.2662932667423499, -0.3113765810271183, -0.6233254297341985, 0.0003411972384043573, -0.043217510816301756, 0.0]
[-0.27032763355076034, -0.3071326310263255, -0.6289499686188358, 0.0003802644208912742, -0.043919480473255994, 0.0]
[-0.2743917048251165, -0.30290265908068564, -0.6345399318126739, 0.00041040744623613767, -0.04461755169965422, 0.0]
[-0.2784972370130274, -0.298685957930216, -0.6400956517071509, 0.0004277347865540187, -0.045241383794049364, 0.0]
[-0.28261174906660586, -0.2944849569713139, -0.6456156672574833, 0.00047448405308188216, -0.04598815079938642, 0.0]
[-0.2867257703810936, -0.2903006059190447, -0.6510997259154301, 0.0005181025434413561, -0.046914201397084736, 0.0]
[-0.29091343076353293, -0.28612755929005107, -0.6565503808768531, 0.0005494886081045768, -0.04757636417601258, 0.0]
[-0.29513949933402345, -0.28196853136875166, -0.6619662970065622, 0.0005713242701949494, -0.04818801083357741, 0.0]
[-0.29936688930690647, -0.27782649185202085, -0.6673457582788133, 0.0006192548146170995, -0.048970050508749766, 0.0]
[-0.3036385105968445, -0.2736983948839309, -0.6726904602402276, 0.00065215987788975, -0.04966857133317476, 0.0]
[-0.3079523256480084, -0.26958455171799744, -0.6780000893384488, 0.0006805950151099845, -0.050297146815117565, 0.0]
[-0.31228146743141244, -0.26548719680962224, -0.6832736127277964, 0.0007129473829512377, -0.05101515805638649, 0.0]
[-0.3166411819771249, -0.26140533818283235, -0.6885114189138698, 0.0007444300422770156, -0.051733341058689764, 0.0]
[-0.32102578762534123, -0.2573396952781279, -0.6937130668139954, 0.0007820636244909222, -0.052485659173147035, 0.0]
[-0.3254594726862486, -0.2532884162574008, -0.6988796668108715, 0.0007910994193979822, -0.05313217598353076, 0.0]
[-0.32989881541852784, -0.24925541005963725, -0.7040087893180431, 0.000835364701017452, -0.05392606388144632, 0.0]
[-0.33436627471027214, -0.2452390638310324, -0.7091014708093224, 0.000879955407136028, -0.05473720169099063, 0.0]
[-0.3388665745407366, -0.2412391366603405, -0.7141577578219293, 0.0009216115406664166, -0.05553891133902182, 0.0]
[-0.34339758253880276, -0.2372560838867474, -0.7191773821433954, 0.0009624077009307576, -0.056344375930486294, 0.0]
[-0.34795888052410234, -0.23329019099324771, -0.7241601474815534, 0.0010026848636635038, -0.057156652934752486, 0.0]
[-0.3525504678128132, -0.2293417217039975, -0.729105876377944, 0.0010423767321782098, -0.057976367281453445, 0.0]
[-0.3571723685004985, -0.22541094549067128, -0.7340143842273052, 0.0010817122819623043, -0.05880400964204937, 0.0]
[-0.36182472281838873, -0.221498127610366, -0.738885486060171, 0.0011208648363912335, -0.05963938449138611, 0.0]
[-0.36650775593354584, -0.21760353316458142, -0.7437189957115816, 0.0011599571593166418, -0.06048179076764741, 0.0]
[-0.3712229705240569, -0.2137273024995885, -0.7485147989059575, 0.0011968160948980203, -0.061323391482070486, 0.0]
[-0.37596805978923065, -0.2098699842759426, -0.7532725532660758, 0.0012359167233667273, -0.062177569672955825, 0.0]
[-0.3807451160907488, -0.20603166637768883, -0.7579921735175694, 0.0012740487674186424, -0.06303316419870346, 0.0]
[-0.3855600557589811, -0.20221205851755, -0.7626737613002504, 0.0013043372617281815, -0.06385783894073595, 0.0]
[-0.39042634968425105, -0.19841012141230618, -0.7673176200599227, 0.001329165189605342, -0.06457772555161574, 0.0]
[-0.3952946532954679, -0.1946311759070565, -0.7719213414693715, 0.0013659762578683513, -0.06546669767462776, 0.0]
[-0.4001939942095716, -0.19087264673692178, -0.7764860332574542, 0.0014025334334299212, -0.06636407875553321, 0.0]
[-0.405124369181485, -0.1871348723713526, -0.7810114470743855, 0.0014386487913339136, -0.06726993615816441, 0.0]
[-0.41008564028843847, -0.1834182922908118, -0.7854973289257005, 0.0014747494926185014, -0.06818543466826771, 0.0]
[-0.4150776830375324, -0.17972321961145196, -0.7899434379478508, 0.0015113874801400407, -0.06911138777929776, 0.0]
[-0.42010039457586973, -0.17605010692688086, -0.7943495186715609, 0.0015485510875379782, -0.07004871248202922, 0.0]
[-0.42515359425768573, -0.17239933024085988, -0.7987153269503318, 0.0015865480605767855, -0.07099855318387853, 0.0]
[-0.4302369091420843, -0.16877138027073219, -0.8030405905084196, 0.0016259497712816954, -0.07196305748676138, 0.0]
[-0.43536782979882155, -0.1651646252349917, -0.8073259587180659, 0.001652951833907445, -0.07284775425084916, 0.0]
[-0.4405156739852953, -0.1615829401646021, -0.8115695945186004, 0.0016929473613030831, -0.07381877654031263, 0.0]
[-0.44569401842819534, -0.15802521515549417, -0.8157718933102472, 0.001735585106662837, -0.0748024919513242, 0.0]
[-0.45090886964116195, -0.15449125949735096, -0.819932885214804, 0.0017746015346722728, -0.07576708503698974, 0.0]
[-0.4561571039788786, -0.15098171861630136, -0.8240523248420379, 0.0018138371076569615, -0.07672890873104006, 0.0]
[-0.4614410955052088, -0.1474968894281456, -0.82812984706039, 0.0018513925479756485, -0.07767592477105846, 0.0]
[-0.46676127474772844, -0.14403706627542767, -0.832165305680294, 0.0018868589486474507, -0.07860574104434537, 0.0]
[-0.4721266460940417, -0.14060181246503725, -0.8361577529949067, 0.0019854086346964115, -0.07947106560756843, 0.0]
[-0.4775326826019072, -0.1371917015727053, -0.840108959472156, 0.0020082986571420994, -0.08029605221378949, 0.0]
[-0.4829800382927363, -0.1338072386931425, -0.8440175521742511, 0.00202773426682606, -0.08107744239438493, 0.0]
[-0.48846552234451346, -0.1304493774352991, -0.8478828936426273, 0.002054256721044756, -0.08183214857723319, 0.0]
[-0.4938773678335964, -0.127132633479217, -0.8517002469703057, 0.0020569709894952977, -0.08314222656583857, 0.0]
[-0.4994457279973206, -0.12382849625616676, -0.8554788735798571, 0.002079898945032428, -0.08380732110387908, 0.0]
[-0.5050753865978652, -0.12054941571002828, -0.8592142253580066, 0.002120582006878844, -0.08432588047847091, 0.0]
[-0.5104570334578835, -0.11733709207320824, -0.8628882556031309, 0.002393240599504023, -0.08629581253892625, 0.0]
[-0.5160742831705297, -0.11412759479996083, -0.8665293123076709, 0.0025112048957382565, -0.0872141551369185, 0.0]
[-0.5217105336927085, -0.11095029113646655, -0.8701243539323207, 0.0026413547138549897, -0.08820153525603552, 0.0]
[-0.5273037866090452, -0.10781439776224361, -0.8736697493897557, 0.0028039935760106735, -0.08957442037094948, 0.0]
[-0.5329633479153922, -0.10470556010146286, -0.8771704557871002, 0.0029906063608839562, -0.09077079850064702, 0.0]
[-0.5386645941913036, -0.10162747275772974, -0.8806258745753176, 0.003155397949666329, -0.09191707441960854, 0.0]
[-0.5444511396423607, -0.0985740463745319, -0.8840390033432673, 0.0032378142505026103, -0.09279074146453935, 0.0]
[-0.550319273980666, -0.0955463021231736, -0.8874092233117783, 0.003249051789002568, -0.09341230903522155, 0.0]
[-0.5562193204617213, -0.09255190232330214, -0.8907329358897407, 0.0032384217456123423, -0.09403415186926402, 0.0]
[-0.5622027271152847, -0.08958367972189223, -0.8940136797162269, 0.003135128806888289, -0.09439600708094735, 0.0]
[-0.568214399010891, -0.08665066840995099, -0.8972458225192513, 0.0030791732052736103, -0.09477596167484395, 0.0]
[-0.5742739819836492, -0.08375032431809214, -0.900430996096134, 0.0030166825136226302, -0.09507446231812185, 0.0]
[-0.5803875147010501, -0.0808821818835807, -0.9035694011696052, 0.002940919021794511, -0.0952609486257967, 0.0]
[-0.5857459778425934, -0.07817218608085666, -0.9066023753035177, 0.0037582653987253923, -0.09937501900458395, 0.0]
[-0.5917604926806709, -0.07540344932556801, -0.9096299051470659, 0.003945221001845059, -0.10035731538960191, 0.0]
[-0.5978080746597688, -0.07267210118413914, -0.9126083195123492, 0.004131421147372864, -0.10132545238970128, 0.0]
[-0.6038810699696326, -0.06997993231397603, -0.9155368836708812, 0.004318146194786588, -0.10231626345926748, 0.0]
[-0.6099760771662442, -0.06732806176941002, -0.9184150877414353, 0.004506610540919714, -0.1033450213837034, 0.0]
[-0.616092141174645, -0.06471723057016077, -0.9212425972409188, 0.004695563392488638, -0.10441497111905286, 0.0]
[-0.6222297382557362, -0.06214797229861411, -0.9240191251577868, 0.004884624900400798, -0.1055221344292887, 0.0]
[-0.6283905798912434, -0.05962062157697218, -0.9267444411078996, 0.005074658028681673, -0.10665640756308996, 0.0]
[-0.6345778940735372, -0.05713526228341028, -0.9294183999631397, 0.005265735220914553, -0.10780030271705243, 0.0]
[-0.6407956601013726, -0.054691800962910424, -0.9320409407611725, 0.00545634617466634, -0.10893276433475717, 0.0]
[-0.6470458245851511, -0.052290357778982575, -0.9346120469230759, 0.005641618106727704, -0.11004269127663825, 0.0]
[-0.6534371130927177, -0.04991384161549286, -0.9371332809121699, 0.006012286150009235, -0.11059887884839628, 0.0]
[-0.6597004406586825, -0.04760677990382036, -0.9395982255232551, 0.006161495817831771, -0.1119116376013163, 0.0]
[-0.6659938105415857, -0.04534400145261298, -0.9420107261165539, 0.0063031006314536436, -0.11320776030161163, 0.0]
[-0.6723261728320611, -0.04312444681884364, -0.9443710038112544, 0.006438359170176041, -0.11444200962407465, 0.0]
[-0.6787152673815627, -0.04094533767829283, -0.9466797760647119, 0.006571683034263211, -0.11552715125805611, 0.0]
[-0.6851396850684944, -0.0388109961842531, -0.9489353561557682, 0.006711439269752977, -0.11656556996366366, 0.0]
[-0.6915999778751922, -0.036721714760949806, -0.9511380112159464, 0.006835542433577502, -0.11755257060445032, 0.0]
[-0.6981085398730207, -0.03467557511361467, -0.9532886413954975, 0.006927806559980804, -0.11842691533285789, 0.0]
[-0.7046731152646241, -0.03267137226407808, -0.9553882426785971, 0.006957402026662361, -0.11914972353687683, 0.0]
[-0.7110848250202911, -0.03075402356718662, -0.9573996576066804, 0.007917549704150385, -0.1207237470583015, 0.0]
[-0.7176254965084942, -0.028862600643686998, -0.9593800392942089, 0.00814613116318531, -0.12178940107633993, 0.0]
[-0.7241925733983982, -0.02702048081816866, -0.9613052086324226, 0.00837708701846847, -0.12283881901625456, 0.0]
[-0.730783020272896, -0.02522881900773449, -0.9631748094386391, 0.008605515694781064, -0.1238842300825132, 0.0]
[-0.7373697673580616, -0.02349339269297499, -0.964986410719755, 0.008852002988602255, -0.12505236604420872, 0.0]
[-0.7439389421344945, -0.02181763841214151, -0.9667384968397079, 0.009127079493769787, -0.12640653892294287, 0.0]
[-0.7504831256076568, -0.02020377071282896, -0.9684300260816234, 0.009440920592311539, -0.1279789624295219, 0.0]
[-0.7570530326925703, -0.018642026861617842, -0.9700651320317646, 0.009750953933855444, -0.12952537826765054, 0.0]
[-0.7335873845182334, 0.0161410365159513, -0.9712768483203738, 0.008947333502599493, -0.12464547822042035, 0.0]
[-0.709745011650887, 0.04909798430480096, -0.9707474644858821, 0.007914270703068639, -0.12165729119748782, 0.0]
[-0.6865048198373812, 0.0802575124026277, -0.9685230621361681, 0.007307534055895801, -0.11604433781969468, 0.0]
[-0.6633226119349988, 0.10938758043822308, -0.9645927774056944, 0.006619029969817242, -0.1105177114370871, 0.0]
[-0.6400798134667525, 0.13637361082926797, -0.9589991626647736, 0.004523284412589409, -0.10576627925055025, 0.0]
[-0.6161048942505964, 0.1610229630808467, -0.9516598004466575, 0.004668342866916815, -0.10512936224360686, 0.0]
[-0.5930502631402795, 0.1835612629893783, -0.9427633975205922, 0.003960907564335576, -0.10084561548853431, 0.0]
[-0.569800312309799, 0.203785755715617, -0.9322693287296864, 0.0036382995029186718, -0.09836291666792502, 0.0]
[-0.5469960397742325, 0.22179190126409828, -0.9202667122910387, 0.0031981339448772647, -0.09472038336505482, 0.0]
[-0.5243701649394333, 0.23755876150973962, -0.9067851197477442, 0.003062706338008802, -0.09130714600414926, 0.0]
[-0.5022015387795677, 0.25116151279356064, -0.8918989970277142, 0.0027629390606151247, -0.08686731346854537, 0.0]
[-0.48012017096881404, 0.26260509021242584, -0.8756398934535837, 0.0026249495494995567, -0.0832924433461754, 0.0]
[-0.4583498621633236, 0.27198294131117573, -0.8580747611274564, 0.002474630178846309, -0.07957997129290068, 0.0]
[-0.43680149539646823, 0.2793590408617123, -0.8392521068200852, 0.0023546014385875903, -0.07624954646535567, 0.0]
[-0.41569318604988825, 0.284835960396589, -0.8192321863557357, 0.002237421999647087, -0.07229095912491992, 0.0]
[-0.39477969590952494, 0.2884727745939172, -0.7980534181964056, 0.0021417888710466917, -0.06899094961457643, 0.0]
[-0.3740572642358719, 0.2903575126195, -0.7757662938319996, 0.0017090792095484115, -0.06644122286586196, 0.0]
[-0.35422330222746995, 0.29063202664056953, -0.752427046600174, 0.0017599684015672274, -0.061138723718020815, 0.0]
[-0.3343095035952521, 0.2893000355330217, -0.7280468839949565, 0.0016781713962910202, -0.05805802427574065, 0.0]
[-0.31487044867139635, 0.28648818607854676, -0.7026797584267305, 0.0014543500334314558, -0.05440163486794684, 0.0]
[-0.2971471623214436, 0.28234375444411686, -0.6763758770035504, 0.0027925910883069356, -0.04365124542957784, 0.0]
[-0.2776785081672653, 0.2767353192443078, -0.6490878244658957, 0.0024390410554735766, -0.044012275567449494, 0.0]
[-0.25900503109611583, 0.2698846485739761, -0.6208972390758742, 0.002155151212408106, -0.042194505022764506, 0.0]
[-0.2408214196078002, 0.2618368341225126, -0.5918124347977631, 0.0019122149632023753, -0.03979701002024499, 0.0]
[-0.22309854311556687, 0.2526478112547412, -0.5618453683168778, 0.0017053929973744248, -0.03696436229118144, 0.0]
[-0.20580548940150928, 0.2423682729905191, -0.531003475792371, 0.0015227440454305425, -0.033851113460182866, 0.0]
[-0.18895084652115213, 0.23104544304173702, -0.49929082518578094, 0.0013550281476945882, -0.030392066593160724, 0.0]
[-0.17248376905074184, 0.21871877381502197, -0.4667054221569549, 0.0011814850785367586, -0.02685086429308351, 0.0]
[-0.15625032537659186, 0.20541989950999281, -0.4332382605478571, 0.0010866833789112402, -0.024088808987166838, 0.0]
[-0.14057943471136164, 0.1911902686949671, -0.39888649570028917, 0.0009553772631918839, -0.02020541288153076, 0.0]
[-0.1250237175509504, 0.1760428401845929, -0.3636260108347833, 0.0008240668109532684, -0.017758738184906583, 0.0]
[-0.10963349107775906, 0.16000068154415345, -0.3274378021688352, 0.000658194363927665, -0.016472133061626905, 0.0]
[-0.09460444464464147, 0.14308280969389434, -0.29029834506934965, 0.00048291551733185573, -0.015180621943493107, 0.0]
[-0.08010081193159842, 0.125300235595152, -0.25217644129877, 0.00031194412368209374, -0.012851094429843172, 0.0]
[-0.06590507154377429, 0.10665035138349382, -0.21302790804862087, 0.00020975295276178546, -0.01074578869652731, 0.0]
[-0.052171124864712266, 0.08713071359441243, -0.17280565402780082, 0.0001692737170473335, -0.00787518673125646, 0.0]
[-0.038630620307146334, 0.0667262258468592, -0.13144917388491353, 7.844061374823548e-05, -0.0058594695754884, 0.0]
[-0.025409086051540828, 0.04541922531978681, -0.08889091861753984, 3.549516641248086e-05, -0.003886661173292262, 0.0]
[-0.012504973321316618, 0.023181601725359425, -0.045049625614971035, 1.0639386431320232e-05, -0.001923350356874946, 0.0]
