[9.130576941205725e-05, -2.4843102203565458e-05, 0.00017103674463109667, 1.1449399355130693e-08, 1.3986586676328454e-05, 0.0]
[-0.0036657916674734696, 0.007059138359262046, -0.01358062305670968, 4.155368913645853e-07, -0.000561441759406853, 0.0]
[-0.007448554732237287, 0.014052518134721364, -0.02720060743639359, 2.495526228810403e-06, -0.0011506146112192925, 0.0]
[-0.011259698870177626, 0.020956715888757027, -0.04069205769688825, 7.675891600683104e-06, -0.0017366895406135635, 0.0]
[-0.015101249020618799, 0.02777299496606555, -0.05405796561817702, 1.5592523361609895e-05, -0.0023084482872103764, 0.0]
[-0.018969067326328633, 0.03450245939015892, -0.06730107590963648, 1.9710979416267614e-05, -0.002893554573102939, 0.0]
[-0.02286289769024574, 0.041146252062589074, -0.08042412330014853, 2.885975176672245e-05, -0.0034946964517315994, 0.0]
[-0.02678440816559413, 0.047705318885616035, -0.09342962812323236, 3.9482377045188636e-05, -0.0041024655844062825, 0.0]
[-0.030735771499163383, 0.05418055946076244, -0.10631997937616963, 5.18195066701642e-05, -0.004704255410224745, 0.0]
[-0.03471875780483403, 0.06057286115704567, -0.11909752948629562, 6.55319213617936e-05, -0.005290054029003872, 0.0]
[-0.03873128554182247, 0.06688298504456142, -0.13176452406308944, 7.878214806229365e-05, -0.005874141182277144, 0.0]
[-0.04276947629763539, 0.07311146521932263, -0.14432285667799885, 9.848522703479994e-05, -0.006482417796706579, 0.0]
[-0.04683749762632963, 0.07925902910828303, -0.15677460358770384, 0.00013576084555997123, -0.007089414819933943, 0.0]
[-0.05093715160346779, 0.08532619935440211, -0.1691216860484448, 0.00016418803876524303, -0.007685292099983104, 0.0]
[-0.05505983857887745, 0.09131333934086794, -0.1813658153011984, 0.00017133225388991731, -0.008324647357278064, 0.0]
[-0.05910315918285814, 0.09721955448523271, -0.19350768995870907, 0.00016610137208095596, -0.009641400836369378, 0.0]
[-0.06328033720901295, 0.10304780232715757, -0.205550834353826, 0.000191508545411989, -0.010315350377936001, 0.0]
[-0.0674853848646001, 0.108797104399205, -0.2174958670858066, 0.00022119125678242657, -0.01100541407408676, 0.0]
[-0.0717214621570628, 0.11446774215465616, -0.22934431802844732, 0.00025127519647463357, -0.01169322513936682, 0.0]
[-0.07602480705521351, 0.12006046380218041, -0.2410980250359997, 0.0002765005017326777, -0.012158867398272105, 0.0]
[-0.08031628312760626, 0.1255740573266634, -0.2527571928747994, 0.0003138920451290041, -0.012886511133176012, 0.0]
[-0.08463914668237678, 0.1310093199802404, -0.26432368682578766, 0.0003553459024178261, -0.01361250713003052, 0.0]
[-0.08898890338694848, 0.13636611049058903, -0.2757985404637524, 0.0004052557247583135, -0.014365103451790874, 0.0]
[-0.0933818988723177, 0.14164473680114978, -0.28718314839892434, 0.00046872875044344135, -0.01504662236547243, 0.0]
[-0.09783405654246395, 0.1468454876128301, -0.2984788388973351, 0.00053287682150695, -0.015563761070876658, 0.0]
[-0.10233536193416369, 0.15196799020595064, -0.30968650932833125, 0.0005774939326862, -0.015978780813802235, 0.0]
[-0.10688397700796282, 0.15701203515663015, -0.32080698666472574, 0.0006307130100739824, -0.01630458890088522, 0.0]
[-0.11147674238671396, 0.1619773577997548, -0.33184120576252624, 0.0006714891458588484, -0.016561906197496704, 0.0]
[-0.11609904790733537, 0.16686336568660395, -0.3427897537137726, 0.000706466108452047, -0.01683849909821159, 0.0]
[-0.12072185432931824, 0.17166896211672386, -0.353652727780782, 0.0007743966707090942, -0.017305957035066346, 0.0]
[-0.12537323501073627, 0.1763944535676635, -0.364431505223844, 0.0008275108191748954, -0.017798478362238728, 0.0]
[-0.13003916364614385, 0.18103902324759769, -0.37512649423336614, 0.0008689536398046658, -0.018398505735253232, 0.0]
[-0.13471401587180423, 0.18560198713575488, -0.38573814799758854, 0.0009070017646723179, -0.019138554785695858, 0.0]
[-0.13940391372972843, 0.19008289502786616, -0.3962671138917696, 0.0009457293217091852, -0.019982337991878783, 0.0]
[-0.14411470818822944, 0.19448135802779073, -0.40671405278331013, 0.0009829746157849178, -0.02089583339698601, 0.0]
[-0.14885504509685354, 0.19879684227981473, -0.41707955463366825, 0.0010064190264669165, -0.02182897113701759, 0.0]
[-0.15359219824123138, 0.20302777168790104, -0.42736340526829536, 0.0010356720805469793, -0.022970509975169775, 0.0]
[-0.15841953207147966, 0.2071761286506708, -0.43756806573808016, 0.0010084628187494748, -0.023784517862524494, 0.0]
[-0.16325925824767268, 0.21123884887140426, -0.4476917892000406, 0.0010548954852306605, -0.024718617960519322, 0.0]
[-0.16810009636848025, 0.21521469261854323, -0.45773481722209947, 0.0011254858709568599, -0.025836247838994263, 0.0]
[-0.1729729701523712, 0.21910376696717637, -0.4676981929827335, 0.0011872404554566596, -0.0269609939716995, 0.0]
[-0.17788815575672787, 0.2229055176469941, -0.4775823758502403, 0.0012417844362341214, -0.028035284808570985, 0.0]
[-0.18284080645352108, 0.22661884886915035, -0.48738743169497967, 0.0012938978180655433, -0.02908745327538619, 0.0]
[-0.18782511637123375, 0.23024256913306554, -0.4971133743016522, 0.0013439743511579802, -0.0301507031532782, 0.0]
[-0.19284331175808878, 0.23377568713040184, -0.5067603572960521, 0.0013920145536306372, -0.031213084522562957, 0.0]
[-0.19789420112760886, 0.23721717171861093, -0.5163284500957562, 0.0014426694628134331, -0.032281253346232795, 0.0]
[-0.20298719134700557, 0.24056614393599443, -0.5258178222502425, 0.0014940722852422167, -0.033303623364668015, 0.0]
[-0.2081204874031282, 0.24382151171083713, -0.5352285425828112, 0.001546427391202353, -0.03429084881241269, 0.0]
[-0.2132943032513258, 0.24698206573608975, -0.5445605579375566, 0.001599921399104739, -0.03524228511417689, 0.0]
[-0.21850678022054235, 0.250046421871513, -0.5538136491382744, 0.0016552758668285353, -0.03616892647731085, 0.0]
[-0.22375690875869875, 0.2530132972712933, -0.5629878118626706, 0.0017126812463430106, -0.03707657121909898, 0.0]
[-0.229045645131638, 0.25588137762694224, -0.5720828071778254, 0.001772222321661674, -0.037960229695018124, 0.0]
[-0.2343738582150659, 0.2586493720845334, -0.5810985248732766, 0.0018341793628470133, -0.038815759852019426, 0.0]
[-0.23974266690726243, 0.2613158390224428, -0.5900347458640122, 0.0018988946926943163, -0.039637377584656526, 0.0]
[-0.24515330337210509, 0.26387942804707404, -0.5988912713445302, 0.0019668081497844713, -0.040418702008179354, 0.0]
[-0.25060651112637505, 0.2663386761393332, -0.6076678026453913, 0.002038273339299506, -0.04115611005368578, 0.0]
[-0.25610363731082036, 0.2686920895849527, -0.6163640336225639, 0.0021131807976813737, -0.041842688093377475, 0.0]
[-0.2616400223192636, 0.2709378334228798, -0.6249794609840464, 0.0021943276731176743, -0.04250371908785013, 0.0]
[-0.2672232212544613, 0.27307472465774263, -0.6335139425786404, 0.0022780787057937765, -0.04309892139505825, 0.0]
[-0.27284986256066845, 0.27510083449130934, -0.6419668940351322, 0.0023656182377251515, -0.043646740380674266, 0.0]
[-0.27853621767454906, 0.2770154090836536, -0.6503383887704542, 0.002451641884295395, -0.044060774317249016, 0.0]
[-0.2843022309984201, 0.2788178190018426, -0.6586284302479523, 0.0025428922426860433, -0.0442363309687195, 0.0]
[-0.2901523315916781, 0.28050652626509687, -0.6668363889910238, 0.0026635376610357727, -0.04415164786403454, 0.0]
[-0.29610068379935617, 0.2820804654048052, -0.6749622905598154, 0.00278719256287303, -0.043734144760294434, 0.0]
[-0.3020987565968598, 0.2835352011426141, -0.6830049956221087, 0.002812243855300784, -0.04324101999910989, 0.0]
[-0.3081982721876849, 0.2848714116911545, -0.6909644589882793, 0.002818875517588079, -0.04240137935398812, 0.0]
[-0.3144947273597044, 0.28609204607602307, -0.6988425772042842, 0.0027872686333785405, -0.040719347051604515, 0.0]
[-0.31778336061242873, 0.2870039743659775, -0.7065570005781054, 0.0014865194752980303, -0.05488303147128606, 0.0]
[-0.3236235885693241, 0.28793810696583466, -0.7142454484883666, 0.0015560682816251668, -0.05590112968495529, 0.0]
[-0.32945304649204554, 0.28873824942423726, -0.7218441561896342, 0.001626218993078194, -0.05714666360187368, 0.0]
[-0.3353424050361873, 0.28940747138120015, -0.7293548018583931, 0.0016882393551696305, -0.05825202059096904, 0.0]
[-0.34126849495236317, 0.2899419742767399, -0.7367758588439514, 0.0017355847221595209, -0.059336882812872783, 0.0]
[-0.34724956812962327, 0.2903410429805825, -0.7441071180490066, 0.0017643418777800964, -0.060306726750419974, 0.0]
[-0.3533072264241647, 0.29060432341363984, -0.7513485862030289, 0.001764293126509447, -0.061050798325823316, 0.0]
[-0.35942728131391244, 0.29072841069364236, -0.7584989062604437, 0.0017185571495014903, -0.061642287702485365, 0.0]
[-0.3653130766705804, 0.290686844013866, -0.765544023282243, 0.0018466331120984036, -0.06359410812590831, 0.0]
[-0.3711062472811294, 0.2904881069574569, -0.7724933414390867, 0.0016834651768812647, -0.06617427287210306, 0.0]
[-0.37736028367067576, 0.2901760652327309, -0.7793557815404024, 0.00202837187705521, -0.0665692447702019, 0.0]
[-0.3835905247197793, 0.2897095318322529, -0.786124112735439, 0.0020177125170805807, -0.0672462982456268, 0.0]
[-0.3898120591669557, 0.2890860941683883, -0.7927915186638181, 0.002106534280974208, -0.06812628976107983, 0.0]
[-0.3960290097860753, 0.28830414484762396, -0.7993591148328996, 0.002146572295325969, -0.06918526606114124, 0.0]
[-0.40232050766375255, 0.28736848032343826, -0.805828500905744, 0.0021514035417254935, -0.07002307396982213, 0.0]
[-0.4086804702004177, 0.28627638455752424, -0.8121983483428756, 0.0021149143913008913, -0.07067020343799423, 0.0]
[-0.41490346308307213, 0.2850054415595858, -0.8184566732441286, 0.0022315748664757397, -0.07215435064311544, 0.0]
[-0.4212175042427645, 0.28357542032981353, -0.8246140425778287, 0.002291855927258655, -0.0733297948759863, 0.0]
[-0.42763067343583816, 0.2819851738191937, -0.8306697322584138, 0.0022848258592475133, -0.07415690707327989, 0.0]
[-0.4339084468918803, 0.280208568090043, -0.8366112099416042, 0.0023373981230310325, -0.07580173838779958, 0.0]
[-0.4403469120065304, 0.2782733637367337, -0.8424500493024122, 0.0023755988841824387, -0.07678877157944673, 0.0]
[-0.4468192820252379, 0.27616460515482577, -0.8481797269227913, 0.0024081477612813438, -0.0777476588506685, 0.0]
[-0.45332286958882784, 0.2738798421146994, -0.8537985640207514, 0.0024483022333924853, -0.07869032070920018, 0.0]
[-0.4598153116768786, 0.2714122923561482, -0.8593035960734894, 0.002484462531522973, -0.07982362816342098, 0.0]
[-0.4663424603641986, 0.26876471641723537, -0.8646950352058755, 0.002531860949135035, -0.08091861451800542, 0.0]
[-0.4728910233686497, 0.26593359015970086, -0.8699710847331635, 0.0025791942053924087, -0.08203890398254832, 0.0]
[-0.47946301254256224, 0.262917192270511, -0.8751304577270529, 0.0026220229420338592, -0.08317202082521813, 0.0]
[-0.4860698744809079, 0.2597147078038263, -0.8801719230570053, 0.0026762902659666224, -0.08425995000590884, 0.0]
[-0.49270112300141583, 0.25632333841667293, -0.8850940238343884, 0.0027178748916484416, -0.08535186142249233, 0.0]
[-0.499362332262376, 0.2527417536129434, -0.889895343326794, 0.0027518345653146487, -0.0864180889990364, 0.0]
[-0.5060505241640534, 0.248968084143896, -0.8945745180945197, 0.002773520062880203, -0.0874711819527249, 0.0]
[-0.5127690503060338, 0.24500111456181733, -0.8991299832913787, 0.0027920378764393077, -0.08849215175019003, 0.0]
[-0.5193332245221068, 0.2408150660518678, -0.9035485607775006, 0.0029962154757777588, -0.09037572717868318, 0.0]
[-0.5260479041863629, 0.23644802008409307, -0.9078477021300453, 0.0030893912709350738, -0.09163719874858411, 0.0]
[-0.5327933062804164, 0.2318834187003446, -0.9120189715950623, 0.0031669328699792825, -0.09285646239585967, 0.0]
[-0.5395907926546295, 0.22712311731516452, -0.9160625217738527, 0.0031960240531902387, -0.09392803917963487, 0.0]
[-0.5464756772097472, 0.22217099652870517, -0.9199782112793778, 0.0031987715201085777, -0.09467928014775281, 0.0]
[-0.5534890752743945, 0.21703206966689212, -0.923766504368533, 0.0031783111928423216, -0.09491043595630155, 0.0]
[-0.5607171654742892, 0.21171714778988868, -0.9274280412757201, 0.003235305241215099, -0.0942058062297112, 0.0]
[-0.5670268909765251, 0.20606825700240952, -0.9309039172507619, 0.00359484491049465, -0.0980152521584029, 0.0]
[-0.5739560769154264, 0.2002993928483745, -0.9342754547759483, 0.0037130736203938057, -0.09893197053154099, 0.0]
[-0.5808984329918269, 0.1943255982382592, -0.9375078558594777, 0.0038478544343690355, -0.09987252282810087, 0.0]
[-0.5879170444310605, 0.18815635286671056, -0.9406040918631654, 0.003943494850959281, -0.10053135305700941, 0.0]
[-0.594988006570423, 0.1817885587682082, -0.9435623910635563, 0.003966661941799955, -0.10102053975139395, 0.0]
[-0.6019646410668986, 0.17520016918330583, -0.9463714461379386, 0.0040584930944848096, -0.10203941910306741, 0.0]
[-0.6086270099223877, 0.16835483649605631, -0.9490087075398693, 0.00468738993813991, -0.10463527143384159, 0.0]
[-0.615750211420744, 0.16137745148579122, -0.9515374383106323, 0.004661983826491209, -0.10509739201101491, 0.0]
[-0.622837306351428, 0.15418937735732066, -0.9539143060884462, 0.004792036204020162, -0.10580045761356487, 0.0]
[-0.6300653791245668, 0.14682125397169649, -0.9561549417638319, 0.004725878815181993, -0.10589586000369293, 0.0]
[-0.6373361436368418, 0.1392585182006927, -0.9582504663177204, 0.00459716949813789, -0.10584981818859396, 0.0]
[-0.6446818241399632, 0.13150805753572892, -0.9602026987103437, 0.004349698404323977, -0.10550566746682825, 0.0]
[-0.6509610948877451, 0.12337808117791918, -0.9619124033083802, 0.005751069996688606, -0.11029465594591012, 0.0]
[-0.6580017837033029, 0.11517888549963358, -0.9635341843423697, 0.006057542781462764, -0.11150655417912324, 0.0]
[-0.6654355208552014, 0.10684953414382194, -0.965018584644704, 0.006670557809920657, -0.11089704723887664, 0.0]
[-0.6724296021202307, 0.09825591784988932, -0.9663351123485939, 0.006860101418723341, -0.11242162343079601, 0.0]
[-0.6793810021930774, 0.08946428846206997, -0.9674949075424486, 0.00707434073552278, -0.11418883007604404, 0.0]
[-0.686331159354874, 0.0804844106696523, -0.9684999300762092, 0.007301659097638583, -0.11599822567578254, 0.0]
[-0.6932718664627392, 0.07131781206925579, -0.9693493909301915, 0.007532216082515879, -0.11788532104161634, 0.0]
[-0.7002222261115204, 0.061971353131186756, -0.970045012204447, 0.007724556489714913, -0.1197557729518685, 0.0]
[-0.707268841952266, 0.05246473290837482, -0.9705919616330065, 0.007872596381164153, -0.12119490678439118, 0.0]
[-0.7143656266046582, 0.042793711017038244, -0.9709874360856846, 0.007974859137849689, -0.12241820739708979, 0.0]
[-0.7215367593857093, 0.03296735991089909, -0.9712342310704796, 0.007977122778451948, -0.1233072083885498, 0.0]
[-0.728844851752741, 0.023001121176029128, -0.9713318632796041, 0.00805881085613089, -0.12356131408046907, 0.0]
[-0.7359015290939676, 0.012820006101013231, -0.9712356045075079, 0.009028200735291122, -0.1250226231747781, 0.0]
[-0.7430412370936391, 0.002501902405195921, -0.971007647811546, 0.009241077283457464, -0.1260962882347918, 0.0]
[-0.7500905304098758, -0.007987011431867237, -0.9706173622209826, 0.00948461753656093, -0.12760388462848968, 0.0]
[-0.7570530326925703, -0.018642026861617842, -0.9700651320317646, 0.009750953933855444, -0.12952537826765054, 0.0]
[-0.7495572195163808, -0.009896950615506337, -0.9789115594765966, 0.009709771677838042, -0.12813956703194565, 0.0]
[-0.7419634177671934, -0.0011285240646044335, -0.9876943356592214, 0.009624911573464517, -0.1266889188758035, 0.0]
[-0.7342306995500271, 0.007654940264646509, -0.9964088120260466, 0.009546633753959128, -0.1253575900336644, 0.0]
[-0.7263735493365097, 0.016456504960953078, -1.005055589434908, 0.009459825092053311, -0.12406856107830247, 0.0]
[-0.7183538739126942, 0.025268394944653112, -1.0136303613783078, 0.009410031852918504, -0.12298818096692106, 0.0]
[-0.710132631924671, 0.03408292286763682, -1.0221292891936553, 0.00943236590488817, -0.12228144916639572, 0.0]
[-0.7018085628298936, 0.04291947915940403, -1.0305600509133899, 0.009417897712684583, -0.1214878881480917, 0.0]
[-0.6933725569816955, 0.05177574903171663, -1.0389206841197898, 0.0093833287857632, -0.120643380405069, 0.0]
[-0.6850534669102517, 0.060698143022835056, -1.047238154119654, 0.008696592191644488, -0.11872564428523115, 0.0]
[-0.6763864740193666, 0.06958897732241384, -1.0554495345303294, 0.008825963841164231, -0.11780159870628445, 0.0]
[-0.6675735688044131, 0.07849145367206765, -1.0635880497372003, 0.008826204817306662, -0.11695830832659374, 0.0]
[-0.6587450223527274, 0.08742741822954138, -1.0716544022312835, 0.00891015773987209, -0.11562299449639446, 0.0]
[-0.6497300876282472, 0.09636496542934082, -1.079642245057776, 0.008900097046790742, -0.11453523409978729, 0.0]
[-0.6405755420487705, 0.10531087623620876, -1.0875508778159, 0.008872803321966908, -0.11348419445409302, 0.0]
[-0.6313148755770136, 0.11426946022325957, -1.0953799959779829, 0.008854896073426377, -0.11232140213962322, 0.0]
[-0.6218940984825058, 0.12322947119945672, -1.103126305062848, 0.008803458624075736, -0.11127140763228667, 0.0]
[-0.6123684764770301, 0.1321985785554503, -1.110790444308138, 0.008743574433723245, -0.11009581548382777, 0.0]
[-0.6027265614290432, 0.14117232889882128, -1.1183701695981354, 0.008671461551309738, -0.10884020062456579, 0.0]
[-0.5929618670920016, 0.15014693196228107, -1.1258633395510151, 0.008588251372212228, -0.1075286812128279, 0.0]
[-0.5829237056506927, 0.15909281707862888, -1.1332589891052256, 0.00859245225945669, -0.10677500245227771, 0.0]
[-0.5728696681885499, 0.1680529950371797, -1.140571439534985, 0.00849548781788975, -0.10551715354415948, 0.0]
[-0.5630233635916041, 0.1770617793459406, -1.1478100088625638, 0.008222131486610145, -0.10286146633637389, 0.0]
[-0.5527790061623998, 0.18600997835673927, -1.1549382742320096, 0.00809056939669628, -0.1012598154654855, 0.0]
[-0.5424104553367449, 0.19494138936628058, -1.161969753776988, 0.007952882426320924, -0.09959893989153028, 0.0]
[-0.5316036011191917, 0.20379892382214143, -1.1688842116003793, 0.008044617863822205, -0.09911833887234625, 0.0]
[-0.5210020187515484, 0.2126859526676101, -1.1757154721368004, 0.007933882845391595, -0.09726866547652709, 0.0]
[-0.5102730566955954, 0.22154128837119857, -1.1824431125735617, 0.007799410925466658, -0.09537249460275746, 0.0]
[-0.4994071270889271, 0.23035781548672032, -1.189063922203599, 0.007656674675324934, -0.09346707028802431, 0.0]
[-0.4883971113883302, 0.23912852227717815, -1.1955748559325456, 0.007515830393862264, -0.09158005666516884, 0.0]
[-0.47724314451942323, 0.24784723026707017, -1.2019732582889242, 0.007377865672578911, -0.08971115699283311, 0.0]
[-0.46594878353496516, 0.25650786474794657, -1.2082565179925988, 0.007242422496482577, -0.08784761895043153, 0.0]
[-0.45451725675137955, 0.26510385440436834, -1.2144218749347502, 0.00710996368751821, -0.0859789968499358, 0.0]
[-0.44295376637839146, 0.2736285981860722, -1.2204668565948529, 0.0069720084632094404, -0.08408787111402263, 0.0]
[-0.4312462449142571, 0.28207244114343283, -1.226388196514833, 0.006806273552637819, -0.08222282638915519, 0.0]
[-0.4194200937456379, 0.29043048192579346, -1.232183002115004, 0.006660311875219319, -0.08029265205292183, 0.0]
[-0.40746894078868195, 0.29869304173187894, -1.2378482433615314, 0.006509666103309083, -0.0783265904698904, 0.0]
[-0.39539481836964835, 0.3068511449464374, -1.2433805960327675, 0.00635441166793292, -0.07632223067643792, 0.0]
[-0.3832000423657161, 0.3148953386553033, -1.2487767996671992, 0.006194692429384651, -0.07427765629848178, 0.0]
[-0.3708858394136673, 0.3228157851256583, -1.2540334095360908, 0.006031453005046275, -0.07219512926812433, 0.0]
[-0.3584536542933037, 0.3306020508462284, -1.2591469568666647, 0.005864978241481207, -0.07007713193141511, 0.0]
[-0.3459088490078745, 0.33824388302980196, -1.2641140007654825, 0.005692389835801865, -0.06791251151221057, 0.0]
[-0.3332494921267981, 0.3457298155268337, -1.268930819708495, 0.00551758303604203, -0.06571724169876875, 0.0]
[-0.3204808747615107, 0.35304890304924313, -1.2735939156210216, 0.00533864067977856, -0.06348201727803256, 0.0]
[-0.3076071699001015, 0.3601895894165246, -1.278099574107011, 0.005155246747405725, -0.06120253408228999, 0.0]
[-0.2946310724544634, 0.3671401257093588, -1.2824442043289885, 0.004967621757711016, -0.05888022679592596, 0.0]
[-0.28155610548896376, 0.3738883822761332, -1.2866240387658923, 0.0047757881504051644, -0.056514618295277604, 0.0]
[-0.2683857414699843, 0.3804221496636232, -1.290635377254422, 0.0045798348443273984, -0.05410598695840569, 0.0]
[-0.2551216276240546, 0.3867288554763282, -1.2944744914961517, 0.0043794913911079526, -0.051661747314653755, 0.0]
[-0.24177170783255264, 0.3927965547714758, -1.2981377914240995, 0.004174978598121357, -0.04916799442095006, 0.0]
[-0.22833800415851643, 0.3986126038622105, -1.3016215920234104, 0.003966124615012798, -0.04663224890179975, 0.0]
[-0.21482468998462556, 0.4041646567067288, -1.3049223083612644, 0.0037529879098081795, -0.04405517042951165, 0.0]
[-0.20123605998410107, 0.40944050330174847, -1.3080364286104236, 0.0035354247529504534, -0.04143764506368879, 0.0]
[-0.1875778674526045, 0.4144282703024154, -1.3109605527342096, 0.0033135870066607074, -0.03877616846527369, 0.0]
[-0.17385171656265389, 0.41911596323374684, -1.3136913087923803, 0.003087449883589864, -0.03608210453592563, 0.0]
[-0.1600638522861592, 0.42349241785048763, -1.3162255480323606, 0.0028572232151166253, -0.03335136269615041, 0.0]
[-0.14621878776452518, 0.4275466537940192, -1.3185602449072464, 0.0026229637547539046, -0.030586131523598518, 0.0]
[-0.13232139465016807, 0.4312685453050643, -1.3206924578855928, 0.002385027042719094, -0.027788949350821927, 0.0]
[-0.11837640981255827, 0.4346481126102072, -1.3226195563468381, 0.002143575353611175, -0.02496138037381513, 0.0]
[-0.10438893948280072, 0.4376765487171551, -1.3243390855516923, 0.0018990628843870252, -0.02210587783488128, 0.0]
[-0.09036397370882412, 0.4403455754974416, -1.3258487567316481, 0.0016516204513361164, -0.01922497627459571, 0.0]
[-0.07630616057101872, 0.4426476523118345, -1.3271465297449978, 0.0014014207586836953, -0.016322448294157473, 0.0]
[-0.062220451599598624, 0.4445763719989098, -1.3282306646888393, 0.0011486921160471894, -0.01340169818526867, 0.0]
[-0.0481117089833283, 0.4461262334052529, -1.329099679134839, 0.0008940560791392022, -0.010466600339873183, 0.0]
[-0.03398518431192913, 0.4472929085082836, -1.3297523936031554, 0.0006372906800321071, -0.007519967704646174, 0.0]
[-0.019846021489151204, 0.448072918584194, -1.3301878424754536, 0.000379023625581788, -0.004565009171003577, 0.0]
[-0.0056995323893578075, 0.4484639316194405, -1.3304054295360348, 0.00012004371136146534, -0.00160459954140837, 0.0]
[0.008448830208793877, 0.4484648905727525, -1.3304048238275548, -0.0001389735993969489, 0.0013588358277587234, 0.0]
[0.02259378238516366, 0.4480758479531779, -1.330186159911594, -0.0003975279168767161, 0.0043223349286421, 0.0]
[0.03673028003399247, 0.44729772245044513, -1.3297495010254803, -0.0006551812923083601, 0.007281942224642139, 0.0]
[0.050853363655029175, 0.4461329796525584, -1.3290956603960602, -0.0009115312825533675, 0.010233844258035201, 0.0]
[0.06495789885521897, 0.44458492965840674, -1.3282254853634816, -0.0011663268362598794, 0.013174669917150014, 0.0]
[0.07903906892219632, 0.4426580538107427, -1.3271401931966882, -0.0014191635804471068, 0.016100239859866652, 0.0]
[0.09309207175121567, 0.4403578899481174, -1.3258413155645, -0.0016696668807744289, 0.019006647734918017, 0.0]
[0.1071115685819931, 0.4376908687749374, -1.3243305637684806, -0.0019177912636879452, 0.02189169440554544, 0.0]
[0.12109270871628502, 0.4346642707346493, -1.3226099397668027, -0.0021629964535768223, 0.024752085772356044, 0.0]
[0.13503050761494173, 0.4312864501156218, -1.3206817435205536, -0.0024048868573191507, 0.02758532775882495, 0.0]
[0.14891984815190745, 0.4275663882123, -1.318548440852023, -0.0026433734970042785, 0.030389711389562667, 0.0]
[0.16275616702444137, 0.42351381851559056, -1.3162127243996486, -0.002878099359776453, 0.03316206456824252, 0.0]
[0.17653331576483886, 0.4191389698380656, -1.3136774437539058, -0.0031087420221960617, 0.03590514091634637, 0.0]
[0.1902491541159327, 0.4144529244150661, -1.3109456788814708, -0.003335383478671556, 0.03860841952396135, 0.0]
[0.20389795634761834, 0.4094669300730982, -1.3080206023571455, -0.003557820761463054, 0.04127420459200227, 0.0]
[0.2174752167130485, 0.40419269197940044, -1.3049055295390057, -0.0037759949435444673, 0.04390118375297951, 0.0]
[0.2309765393132828, 0.39864220659141275, -1.3016038845849567, -0.0039898506352128, 0.046488262916352927, 0.0]
[0.24439764012646784, 0.39282768175107113, -1.2981191812838744, -0.004199334512045413, 0.049034585192684506, 0.0]
[0.25773648210404354, 0.38676167893965546, -1.2944550448814371, -0.004404805741499239, 0.051532096637498796, 0.0]
[0.27098493920264105, 0.38045617819038524, -1.2906150398001093, -0.00460567886233032, 0.05399467338977643, 0.0]
[0.28414123165829114, 0.3739238017708348, -1.2866028653498167, -0.004802300206875566, 0.056414744975021025, 0.0]
[0.2972017449960811, 0.36717689642787676, -1.282422233234563, -0.004994618270240184, 0.05879184951929657, 0.0]
[0.3101628424622613, 0.3602276785191922, -1.2780768391144408, -0.005182706289114029, 0.06112633402514277, 0.0]
[0.3230215727521962, 0.35308825383568193, -1.2735704163548676, -0.005366361041731592, 0.06341680109872816, 0.0]
[0.33577447329768656, 0.34577040948325094, -1.2689066389627717, -0.005545396926280873, 0.06566444231167654, 0.0]
[0.34841569828394947, 0.3382854030337946, -1.2640890579989925, -0.005721328293917088, 0.06787978672936819, 0.0]
[0.36094504789911563, 0.3306448186528009, -1.2591213970556954, -0.005892804568471017, 0.07005398486460528, 0.0]
[0.37336014040324433, 0.32285958271590903, -1.2540072133068452, -0.0060593467317426805, 0.07218656179629328, 0.0]
[0.38565760322202136, 0.31494014582308877, -1.2487499815908245, -0.006222497295708733, 0.07428143672023164, 0.0]
[0.3978356505250206, 0.3068970675461016, -1.2433532386589463, -0.0063819705458405, 0.07633778116555082, 0.0]
[0.40989308525104173, 0.2987399755441963, -1.2378203192833936, -0.006535925058924622, 0.07835278140138717, 0.0]
[0.4218271874162041, 0.290478375110485, -1.2321546067236913, -0.006685331342840431, 0.08033032149080706, 0.0]
[0.43364622221107024, 0.282122591244894, -1.2263593044990397, -0.006857332583062566, 0.08223429744293635, 0.0]
[0.44532320218565574, 0.2736778955809112, -1.2204374265228548, -0.006995780277642543, 0.08415994020061497, 0.0]
[0.4568687117044778, 0.2651539841919381, -1.2143920477959365, -0.0071316392722384865, 0.08606429537443133, 0.0]
[0.4682802888716217, 0.2565584314445069, -1.208226071894776, -0.007266754621441453, 0.08795341525869693, 0.0]
[0.47955431769110357, 0.24789818483891787, -1.2019422588349986, -0.007403240969350157, 0.08983852103730158, 0.0]
[0.4906866348945988, 0.23917962850237387, -1.195543263235182, -0.007542405716157929, 0.09173384020680948, 0.0]
[0.5016733849571887, 0.23040882649159117, -1.189031616352122, -0.00768715372752414, 0.0936534564630816, 0.0]
[0.5125155936021618, 0.22159209838610355, -1.1824100499952797, -0.007834324661647544, 0.09559334775925116, 0.0]
[0.5232241244816744, 0.21273703303847175, -1.175681835109558, -0.007971568866453817, 0.09751136801012189, 0.0]
[0.5338107241369553, 0.20385102187352536, -1.1688502242416248, -0.008084429476747567, 0.09936119883850462, 0.0]
[0.5446096108224014, 0.19499511542181863, -1.1619364149190252, -0.00798863143735044, 0.09981402401006022, 0.0]
[0.5549636185217203, 0.18606480411332268, -1.1549047980691778, -0.00812578661129935, 0.10147278219365224, 0.0]
[0.5648904638660672, 0.17706590258240104, -1.1477588104925354, -0.008429047499636537, 0.10429368665801436, 0.0]
[0.5750462975628711, 0.1681139662978962, -1.140538311951013, -0.008534998926284738, 0.10563970858148947, 0.0]
[0.5852209054748381, 0.15917848009924765, -1.1332347090236883, -0.00852327365215547, 0.10634168610282867, 0.0]
[0.5950969691641153, 0.15020727734428885, -1.125830077690011, -0.008614309036011434, 0.10769621199858653, 0.0]
[0.6048459645578037, 0.14123334041665425, -1.1183369765623097, -0.008694923433199322, 0.10900969685400015, 0.0]
[0.6144742157200298, 0.1322605444834571, -1.1107574038492063, -0.008764469282084858, 0.1102588710869618, 0.0]
[0.6239908824136616, 0.12329319661207754, -1.103093709366589, -0.008821918591757493, 0.1114082135589475, 0.0]
[0.6334024242952895, 0.1143347794156785, -1.0953477899450992, -0.008873926661146989, 0.11243289278387009, 0.0]
[0.64267943916624, 0.10538254127758, -1.0875210991546842, -0.00886152494173852, 0.11346065255059398, 0.0]
[0.6517736657061374, 0.09642885610506968, -1.0796096044372578, -0.008913285439563299, 0.11470518712076103, 0.0]
[0.6607687670775578, 0.08749097161333869, -1.0716217429419688, -0.00891806173388712, 0.11581378151788338, 0.0]
[0.6696318257345845, 0.07856436023477606, -1.0635568572604397, -0.00888921471568597, 0.11693319883273784, 0.0]
[0.6783805832842147, 0.0696536465979837, -1.0554176344455395, -0.008811593303721482, 0.11799161851490611, 0.0]
[0.6870428964032553, 0.06076515262540242, -1.0472074735478425, -0.008662530090599968, 0.11887074148723568, 0.0]
[0.6953199394598186, 0.051838089087424474, -1.0388866667887373, -0.009415908063108526, 0.1209102891380796, 0.0]
[0.7037498038762604, 0.04298375839230312, -1.0305269735821982, -0.00944063013162375, 0.12171715969016583, 0.0]
[0.7120590519765246, 0.03414739059772843, -1.0220964708352753, -0.009451448871916146, 0.12251212899314443, 0.0]
[0.720255054922817, 0.025330959833701136, -1.0135969772523812, -0.009435142045115731, 0.12326836899536348, 0.0]
[0.7282493826739453, 0.016517231445316298, -1.0050213965961048, -0.009493818269826725, 0.12439998488479576, 0.0]
[0.7360883775801131, 0.007715310412298077, -0.9963743991636623, -0.009581474388315905, 0.12570801144571592, 0.0]
[0.7438012899354783, -0.001068863693226984, -0.9876595629241683, -0.00966069795177472, 0.12706676609615078, 0.0]
[0.7513786901689437, -0.009837279322440735, -0.9788767200323332, -0.00974246978720954, 0.12852953290416747, 0.0]
[0.7588688731266668, -0.01858022250394744, -0.9700311567216524, -0.009773345702135781, 0.12987710878165024, 0.0]
[0.7490222879092062, -0.020943088529445358, -0.96755823331128, -0.009307053947191918, 0.12753600344374622, 0.0]
[0.7391821352676274, -0.023433005421204953, -0.9649540725866044, -0.00887785762624645, 0.1253833160231334, 0.0]
[0.7293038133942304, -0.026056781299562518, -0.9622160259432389, -0.008511554455198718, 0.12364161491480513, 0.0]
[0.7194349397603261, -0.028802848569540605, -0.9593491807416077, -0.00817203765474084, 0.12209334436523275, 0.0]
[0.7096354029504524, -0.031658083057122845, -0.9563590220625576, -0.00782513364879087, 0.1204600073761166, 0.0]
[0.6999320001957335, -0.03461320014570056, -0.9532612490133738, -0.0069166103329071325, 0.11861867817834862, 0.0]
[0.6901734661927533, -0.03770105253261716, -0.9500154647833865, -0.006776329482150653, 0.11730756786877476, 0.0]
[0.6805145008729832, -0.040887277693783676, -0.946652065803663, -0.006578622580711239, 0.11578761615796616, 0.0]
[0.6709377431539896, -0.04417369821093419, -0.9431694492905527, -0.006383714489719815, 0.11414852277013182, 0.0]
[0.661477588011812, -0.0475527225013907, -0.9395708392326702, -0.006175216391442493, 0.11222830412632652, 0.0]
[0.652084896941739, -0.051031377793131806, -0.935854161863963, -0.005954320414359941, 0.11027057180413623, 0.0]
[0.642568205031906, -0.054638289089909496, -0.9320147940209536, -0.005478372011815971, 0.10921771924231585, 0.0]
[0.633246898177877, -0.05832023360072756, -0.9280621930365013, -0.005193668655079002, 0.1075163688374243, 0.0]
[0.6239911654969809, -0.06209624441450501, -0.9239940896679044, -0.004908857678221486, 0.10580460162118223, 0.0]
[0.614789053527567, -0.06596631349667247, -0.9198108078590844, -0.004626414704163478, 0.1041467876373746, 0.0]
[0.6056349914121544, -0.06992927070961721, -0.9155131110045773, -0.004345154635690406, 0.1025758195549747, 0.0]
[0.5965300003951644, -0.07398291515923058, -0.9111020723982475, -0.004067483244354592, 0.10109198940291922, 0.0]
[0.5874871335500961, -0.0781232415822096, -0.906579491253325, -0.0037901592585801976, 0.0996354415549338, 0.0]
[0.5790953432054038, -0.08226001779207316, -0.9019868884020286, -0.002973399188804262, 0.09525857992486389, 0.0]
[0.5699723148779579, -0.08659978393541311, -0.8972264721784577, -0.003076249279447448, 0.09488657657492076, 0.0]
[0.5609597086741813, -0.09101275967976545, -0.8923606401062822, -0.003162366919446139, 0.09431779152849971, 0.0]
[0.5520595401969658, -0.09549692156592224, -0.8873904468733301, -0.00323652283662778, 0.09354291077942324, 0.0]
[0.543238546375758, -0.10005504356815084, -0.8823161420169776, -0.0032518877175255964, 0.0927319292223836, 0.0]
[0.5346539381661407, -0.10466295762600338, -0.8771496970199885, -0.003035544942693847, 0.09108382985589078, 0.0]
[0.5261635942712365, -0.10933991330037993, -0.871881442792998, -0.0027699464694432665, 0.0893200902964859, 0.0]
[0.5177579209625172, -0.11408589131073185, -0.8665101300577209, -0.002551646533671495, 0.08749072599188633, 0.0]
[0.5093398470807557, -0.11891176239955895, -0.8610323359675492, -0.002370206939859516, 0.08609919450719483, 0.0]
[0.5011410575514875, -0.12378528447396135, -0.8554623796704631, -0.0020926959404079723, 0.08394889085682924, 0.0]
[0.4927924166078387, -0.12875282045254133, -0.8497783209605021, -0.0020551304322268906, 0.0829569197904309, 0.0]
[0.48464924051683544, -0.1337670491380493, -0.844001440005038, -0.0020369355001849374, 0.08127815401186726, 0.0]
[0.4764862245587341, -0.13885409899258022, -0.8381229607020049, -0.00200521233278231, 0.0800898468055945, 0.0]
[0.4684090740606482, -0.14399931204438, -0.8321485052325512, -0.0019700110579291682, 0.07884058605808623, 0.0]
[0.46043122718471946, -0.14919946176337398, -0.8260808857469489, -0.0018480482908664678, 0.07745868620077631, 0.0]
[0.4525353783845362, -0.15445557886027636, -0.8199178081718643, -0.0017913436631166655, 0.07603485354300066, 0.0]
[0.44471682857461337, -0.1597665443033252, -0.8136610556366715, -0.0017329839539272853, 0.07459383918299883, 0.0]
[0.4369755523708209, -0.165130945043661, -0.8073115202147519, -0.001671543736864079, 0.07313515054890417, 0.0]
[0.42928858248412943, -0.17054989715140145, -0.8008688816813846, -0.0016257487118390215, 0.07178253055226004, 0.0]
[0.42169094727759004, -0.17601816699789186, -0.7943358282354513, -0.0015667271165966308, 0.07034648478162309, 0.0]
[0.41416144077048855, -0.18153677537008917, -0.7877121066562407, -0.0015098966496170816, 0.06894081229899066, 0.0]
[0.40670088003614746, -0.18710428292515302, -0.7809986120942984, -0.0014543713926565545, 0.06756042080425101, 0.0]
[0.39930977010867214, -0.19271939644836442, -0.7741961985380172, -0.001399087697275425, 0.06620203812325144, 0.0]
[0.3919883212594106, -0.19838084749675733, -0.7673056182086496, -0.0013430517034663245, 0.06486324544865474, 0.0]
[0.3847040566364899, -0.2040906112336435, -0.7603262209111019, -0.0013002092737986303, 0.06372377269710612, 0.0]
[0.3775186838961237, -0.20984155889550174, -0.7532615188520076, -0.0012432484946167666, 0.062439794956616605, 0.0]
[0.3704054150030363, -0.21563524273817092, -0.7461110125570772, -0.0011838799967849682, 0.061157947838769065, 0.0]
[0.3633625128795694, -0.22147080187721338, -0.7388752971626042, -0.0011240853460156672, 0.05988615389819689, 0.0]
[0.3563882254816099, -0.22734739821029423, -0.731554963583811, -0.001064759248900237, 0.05863243954717435, 0.0]
[0.3494816684957249, -0.23326414490493885, -0.7241506374503759, -0.001005383503459388, 0.05739992513079596, 0.0]
[0.34263971176568986, -0.23922041703390598, -0.716662783069829, -0.000948254752384754, 0.05620448772093337, 0.0]
[0.3358695108593475, -0.24521466697340755, -0.7090923829260346, -0.0008861516459661205, 0.055003134496731956, 0.0]
[0.3291703823189981, -0.25124614203170653, -0.7014399890438322, -0.000819594160548291, 0.05379723292909493, 0.0]
[0.3225124636604535, -0.25731655369606093, -0.69370454614955, -0.0007882660868930697, 0.05275751403804944, 0.0]
[0.3159366702248046, -0.26342171736755177, -0.6858887860630791, -0.0007342297800404792, 0.051644616629903724, 0.0]
[0.30942329841872257, -0.26956255127805895, -0.6779921496596781, -0.0006863114762644745, 0.050570332450240625, 0.0]
[0.30296576773114375, -0.2757388153253492, -0.6700149649076667, -0.0006401142343916948, 0.049571207238994205, 0.0]
[0.2965942040146481, -0.28194766022019363, -0.6619588366675695, -0.0005772893249887109, 0.04846605586497284, 0.0]
[0.29025851330234304, -0.2881922175573405, -0.6538221101924517, -0.0005392131767777981, 0.0475496195938978, 0.0]
[0.28405112890715273, -0.29446521668518055, -0.6456087684217244, -0.00047894708215138256, 0.046266137829013634, 0.0]
[0.27787149021811525, -0.3007733859273762, -0.6373154676312897, -0.0004238702984273802, 0.04521380202956022, 0.0]
[0.2717522676157551, -0.30711388325129196, -0.6289435815036476, -0.00038324528570677757, 0.044194467444184864, 0.0]
[0.26570452412977263, -0.3134855119448624, -0.6204941247287821, -0.0003206737846997625, 0.043137700502670004, 0.0]
[0.25972128346426, -0.3198882856401997, -0.6119670120036815, -0.00025304029396293283, 0.04208213914970845, 0.0]
[0.25390699699012037, -0.32631527991310927, -0.6033673069143817, 1.7441789649099958e-05, 0.040379536398727024, 0.0]
[0.2480461751287163, -0.33277995035746, -0.5946850393144671, 6.518789903704304e-05, 0.039352567077614815, 0.0]
[0.24222231772471284, -0.3392764587024668, -0.5859245928107287, 8.10424030025918e-05, 0.03848797091918146, 0.0]
[0.23647144963348332, -0.3458023011587567, -0.577087732894945, 0.00011900264600579753, 0.037558303177450125, 0.0]
[0.23079635711582222, -0.3523571327932474, -0.5681745199197499, 0.00016230708822521288, 0.03654134790211711, 0.0]
[0.22517015760884654, -0.358942290375761, -0.5591841035391449, 0.0001930486077287501, 0.035601834283411196, 0.0]
[0.2195964171187759, -0.365557304029067, -0.5501168744938044, 0.0002272147097487698, 0.03471474526056881, 0.0]
[0.21408166712406154, -0.3722017285266408, -0.5409729757520193, 0.0002653363890982741, 0.0338349620655569, 0.0]
[0.2086285425499831, -0.37887530385957335, -0.5317524792368902, 0.00030255028395701026, 0.03294160995692039, 0.0]
[0.2032367808648801, -0.3855779371676708, -0.522455461813428, 0.00034736703629443605, 0.032031980390755894, 0.0]
[0.19790258374369477, -0.3923097955943545, -0.5130817044455755, 0.0003956875974224659, 0.03112667122330513, 0.0]
[0.19262738371033172, -0.39907080785761473, -0.5036311494744178, 0.00044469752913763066, 0.030212051575074728, 0.0]
[0.18740692305190226, -0.4058610850034298, -0.4941035943629672, 0.000489749337642453, 0.029312144104965746, 0.0]
[0.18223767455391662, -0.41268094152256257, -0.4844986920481767, 0.0005277813584448466, 0.028446262768577514, 0.0]
[0.1771248084504317, -0.41953014314737913, -0.47481653880737207, 0.0005689909466538715, 0.027576449684848396, 0.0]
[0.1720648873687658, -0.42640888480921824, -0.4650567777466188, 0.0006075314516277017, 0.026721520585331195, 0.0]
[0.16705712327394784, -0.4333174569863485, -0.45521908487997553, 0.0006403863837999856, 0.025882451669737815, 0.0]
[0.16210130862550445, -0.440255867815971, -0.4453032733620944, 0.000674567387720757, 0.025057290808865935, 0.0]
[0.15720085136466033, -0.44722421104155335, -0.43530893895142475, 0.0006694207851652764, 0.024218365227962946, 0.0]
[0.15234955673479508, -0.45422293124227214, -0.425235814537693, 0.0006852775089923685, 0.023404063258838998, 0.0]
[0.14754901693729858, -0.46125221470872113, -0.4150834297797261, 0.000702173039761356, 0.02259923105618497, 0.0]
[0.14279763932137354, -0.468312391823931, -0.40485133396605655, 0.0007174609432459938, 0.021811065459094447, 0.0]
[0.1380964288529843, -0.47540365653438443, -0.3945391284123629, 0.0007355836995623087, 0.02102844906461353, 0.0]
[0.13344124626658485, -0.48252651916044714, -0.3841461520898177, 0.0007526136587996088, 0.020276326978612473, 0.0]
[0.12883272619531186, -0.48968124200546903, -0.3736719513721283, 0.0007677465321096209, 0.01954649775577173, 0.0]
[0.12427204674236501, -0.49686824621149145, -0.36311586308765614, 0.0007811146405251544, 0.018826672867964127, 0.0]
[0.11975860190775404, -0.5040879305180911, -0.35247726264387824, 0.0007928228350084196, 0.01811716252072203, 0.0]
[0.11529255067834994, -0.5113407202578063, -0.3417554668334639, 0.000800434740243496, 0.017412836629685426, 0.0]
[0.1108674848786973, -0.518627249003326, -0.3309496626530879, 0.0008052091038550854, 0.016755664010286178, 0.0]
[0.10648901031401098, -0.5259479396801372, -0.32005909539201743, 0.0008060249255328192, 0.016101702399972554, 0.0]
[0.10213692761030232, -0.5333037188496895, -0.30908267827064523, 0.0007973042643986309, 0.015593130236868107, 0.0]
[0.0978630060917347, -0.5406939777878108, -0.29802041319508266, 0.0007985295001944056, 0.014851014102859883, 0.0]
[0.09364375985584111, -0.5481198768806277, -0.28687115608187996, 0.0008752131518662904, 0.014039475195295796, 0.0]
[0.0894364521200683, -0.5555830420129586, -0.2756327677114432, 0.0008723202600741288, 0.013467952973545624, 0.0]
[0.08529899933167427, -0.5630828671837872, -0.26430541653296924, 0.0008691809987879528, 0.012707522336913286, 0.0]
[0.08118618292117771, -0.5706209874305712, -0.2528872376812922, 0.0008620295760507594, 0.012087644507712462, 0.0]
[0.07710832693548433, -0.5781979572016885, -0.2413772693080596, 0.0008418229071821314, 0.011529152821206446, 0.0]
[0.07307920863818407, -0.5858142391672926, -0.2297745113728038, 0.0008260897496523457, 0.01092532073883543, 0.0]
[0.06909241702427833, -0.59347086478947, -0.21807754715680486, 0.0008088734400692869, 0.010319970056787841, 0.0]
[0.06514669939304421, -0.6011686011994385, -0.20628506745016967, 0.000789052196762301, 0.00971848939317398, 0.0]
[0.06123952787737522, -0.6089085043490429, -0.19439557420558928, 0.0007662948443160618, 0.009136326928456645, 0.0]
[0.057369263467805576, -0.6166915184353717, -0.18240753101974322, 0.0007383967326718225, 0.008582397756298613, 0.0]
[0.05353810227028105, -0.6245185480015116, -0.17031945318254332, 0.0007070320401769682, 0.008036152736404447, 0.0]
[0.049746662248143274, -0.6323906676361232, -0.15812965360266437, 0.0006734814224908688, 0.007489098133369441, 0.0]
[0.04601159092287422, -0.6403088520182713, -0.1458365154301608, 0.0006482224892371649, 0.006807400811965127, 0.0]
[0.04229222592958702, -0.6482745734691095, -0.13343792484306533, 0.0006087425573850204, 0.0063038843449748725, 0.0]
[0.038599559505753604, -0.6562889019728357, -0.12093207174838015, 0.0005659664982147027, 0.005890903640494297, 0.0]
[0.034920909107603, -0.6643532943784358, -0.10831672118936192, 0.0005170316327032557, 0.005666370541455296, 0.0]
[0.03135953056885255, -0.6724680809614275, -0.09559072759643931, 0.0004760619601110218, 0.004807430032087356, 0.0]
[0.027794825062606526, -0.6806357553113883, -0.08275073984187918, 0.0004359010254028255, 0.004265547172546632, 0.0]
[0.02424241530999934, -0.6888574187665907, -0.06979479771730168, 0.0003908679185399413, 0.0039160633368639525, 0.0]
[0.020770182162168766, -0.6971343878145424, -0.05672061115914948, 0.0003384165975382433, 0.003209626406303162, 0.0]
[0.017308995538423896, -0.7054684927535699, -0.0435253654596911, 0.0002892554211683951, 0.002698575828765473, 0.0]
[0.013884296032699413, -0.7138613501516906, -0.03020635373494545, 0.00023777184584503083, 0.0021748109739319456, 0.0]
[0.01049310292749047, -0.7223146362516135, -0.01676078673935135, 0.0001846621916964324, 0.0016587110564365206, 0.0]
[0.007071603591694689, -0.7308302461385312, -0.0031855131793996445, 0.00012078363405794791, 0.0016732060076064155, 0.0]
[0.003746597978057005, -0.7394099873403528, 0.010522415556139395, 3.155891534701033e-05, 0.0011713814975883154, 0.0]
[0.0005152268678602227, -0.7480559505305563, 0.024366365329815738, 1.5028794054732853e-05, 0.00016582279386792432, 0.0]
[-0.002713648934435437, -0.7394103047574723, 0.010522381160128179, -1.0752713132277695e-05, -0.000817556752677334, 0.0]
[-0.006033725555299172, -0.7308307158212406, -0.0031855486668379038, -9.321336946886321e-05, -0.0013170931608590063, 0.0]
[-0.009445923071580273, -0.7223151281212667, -0.016760801188030493, -0.00015660701156139587, -0.0013359076659756562, 0.0]
[-0.012832077917005377, -0.7138620429001249, -0.030206352094642133, -0.00021065735538626474, -0.0018499873185774144, 0.0]
[-0.016251318699448535, -0.7054693836068573, -0.0435253571616225, -0.0002628793267777768, -0.00237475616529211, 0.0]
[-0.01970684095973161, -0.6971354178983196, -0.056720650499590235, -0.0003127327008299685, -0.002888012920143383, 0.0]
[-0.023173435549468636, -0.6888586972300587, -0.06979484809744027, -0.0003655681335742256, -0.0035962683217301895, 0.0]
[-0.026720167382098398, -0.6806371377233441, -0.08275084224247865, -0.00041145340837263144, -0.003947347659276483, 0.0]
[-0.030279270814377562, -0.6724696646903172, -0.09559082983890455, -0.0004524608063650159, -0.004489937822976631, 0.0]
[-0.03383483771557753, -0.6643551646465278, -0.10831686980387942, -0.0004941571687954797, -0.0053509773036393374, 0.0]
[-0.037507383925085326, -0.6562908862236058, -0.12093221507946936, -0.0005434483173692878, -0.005579495736972956, 0.0]
[-0.04119414101408427, -0.6482767071763694, -0.13343809628796885, -0.0005869859279959915, -0.0059945597450660835, 0.0]
[-0.04490553178900613, -0.6403111739048218, -0.1458367429034166, -0.0006275282512377667, -0.006515920379394277, 0.0]
[-0.04863678878483558, -0.6323932345039656, -0.15812988530156294, -0.0006529709784068629, -0.007182626427245087, 0.0]
[-0.05242201740239098, -0.6245213282789731, -0.17031972682502677, -0.000687046447041471, -0.007733139235427972, 0.0]
[-0.0562471516975992, -0.6166944931722085, -0.18240785417672764, -0.0007190821373234547, -0.008280947490315873, 0.0]
[-0.0601115281759976, -0.6089116859710635, -0.19439595126673567, -0.0007476978006532812, -0.008834935855599307, 0.0]
[-0.0640127789543528, -0.601171997506942, -0.20628549949893887, -0.0007711474038185586, -0.009417299757041947, 0.0]
[-0.06795238446945483, -0.5934744309898246, -0.2180780739187437, -0.0007915509687390997, -0.010019905452352389, 0.0]
[-0.07193298221697918, -0.5858181015214728, -0.22977503406223643, -0.0008093529143527715, -0.010626782770443807, 0.0]
[-0.07595596028285119, -0.5782020268671655, -0.24137786543078285, -0.0008253446318847584, -0.011231339549513573, 0.0]
[-0.08002762390886801, -0.5706253363455962, -0.2528878710523564, -0.0008463369852237283, -0.011790674833286276, 0.0]
[-0.0841340682434955, -0.56308739871902, -0.2643061580741289, -0.0008541921173388657, -0.012412290091048333, 0.0]
[-0.08826504328671453, -0.5555878868778491, -0.2756335710545964, -0.0008575690901631855, -0.013175090196230884, 0.0]
[-0.09246608315091497, -0.5481249537658635, -0.286872015193205, -0.0008612712660572616, -0.013746864059052356, 0.0]
[-0.09667610113147679, -0.5406993953412909, -0.29802135564069854, -0.0007856943162038262, -0.014580017229921237, 0.0]
[-0.10094740249710005, -0.5333093913452013, -0.3090837357305942, -0.0007864624562853609, -0.015295248928850915, 0.0]
[-0.10529361244533395, -0.5259537759398405, -0.32006027785642344, -0.0007959090848345033, -0.015800259887679614, 0.0]
[-0.10966336481008038, -0.5186334760979684, -0.330950830504536, -0.0007951930609783229, -0.016471148761715383, 0.0]
[-0.11408305551986049, -0.5113471840462603, -0.3417567383468534, -0.0007913283958111825, -0.0171206579278123, 0.0]
[-0.11854279085059354, -0.5040946561110643, -0.35247866389765975, -0.0007833605802698481, -0.01782363865574082, 0.0]
[-0.12304959203298035, -0.496875278781798, -0.3631173481740198, -0.0007727228986444599, -0.018533937056712243, 0.0]
[-0.12760362123134858, -0.4896885775633913, -0.37367354308100614, -0.0007598227572840307, -0.019254210283144627, 0.0]
[-0.1322056175065124, -0.48253414593980876, -0.3841478837427347, -0.0007451844687695274, -0.019983537551463728, 0.0]
[-0.1368540296916075, -0.47541160416476175, -0.3945409616159703, -0.0007286085360786863, -0.02073633782651933, 0.0]
[-0.14154844119492802, -0.468320657301025, -0.4048532934577353, -0.0007107454929054994, -0.02151963662303567, 0.0]
[-0.146292958975174, -0.46126084263332995, -0.41508550105635383, -0.0006956268773032056, -0.02230854259624896, 0.0]
[-0.1510865989400603, -0.4542318926555679, -0.4252380217279677, -0.0006788244542284764, -0.02311411489829175, 0.0]
[-0.155931038827964, -0.44723352726237436, -0.4353112613747044, -0.0006620198325253077, -0.02392862452819436, 0.0]
[-0.16082422687274248, -0.4402655417713559, -0.44530576745741407, -0.0006686914164834825, -0.024770046304510206, 0.0]
[-0.16577304900338233, -0.4333275195198152, -0.4552216978599593, -0.0006347645414208376, -0.025595841219433094, 0.0]
[-0.1707737617430081, -0.4264193594604413, -0.46505953653357596, -0.0006032221136681332, -0.026435367506334125, 0.0]
[-0.17582664360400116, -0.41954095237795946, -0.47481946709414674, -0.0005656610926830258, -0.027290605883106712, 0.0]
[-0.18093226944987317, -0.41269216146563686, -0.48450176439873593, -0.0005251192833295845, -0.028161782079873687, 0.0]
[-0.18609459190019953, -0.405872678915327, -0.4941068425815934, -0.0004876497296947297, -0.02902647831134629, 0.0]
[-0.191307724103479, -0.3990828191711845, -0.5036345682621474, -0.0004432275651928764, -0.02992787472078958, 0.0]
[-0.196575543673815, -0.3923222514815701, -0.513085293522517, -0.00039473811741372284, -0.030843823965032196, 0.0]
[-0.20190267748457502, -0.385590764122633, -0.5224592539081176, -0.0003471418590694584, -0.031748249542789424, 0.0]
[-0.20728716765550595, -0.3788885474529845, -0.5317564591152618, -0.00030281354730298595, -0.03265809132761356, 0.0]
[-0.2127329132208444, -0.3722154119821717, -0.5409771267835038, -0.0002661896258291175, -0.033552041834585086, 0.0]
[-0.21824059665613632, -0.3655714096812058, -0.5501211984787429, -0.00022895752355503606, -0.03443036258145249, 0.0]
[-0.22380620949611474, -0.3589568422455426, -0.5591886225410488, -0.00019499171076566187, -0.03532235020944904, 0.0]
[-0.2294237222264853, -0.3523722275206523, -0.5681791566322565, -0.00016367335070909022, -0.03626992193728065, 0.0]
[-0.23510213982229092, -0.3458172327683644, -0.5770929646498896, -0.00012603888699206877, -0.037219699409467795, 0.0]
[-0.24083488997371946, -0.3392924831343719, -0.5859296776033394, -8.324812815896002e-05, -0.03821629825790246, 0.0]
[-0.24665162635784416, -0.3327963973955855, -0.5946903125210372, -6.792787518527054e-05, -0.039078648852074155, 0.0]
[-0.2525051244600092, -0.3263321743475611, -0.6033728649416021, -2.0651033839901546e-05, -0.04010429835775939, 0.0]
[-0.2583120657551012, -0.31990593105397974, -0.6119729240506575, 0.0002506170474698074, -0.04180574402700289, 0.0]
[-0.2642874931179468, -0.3135037191312891, -0.6205002536602744, 0.00031831974044508346, -0.04286279350141925, 0.0]
[-0.27032763355076034, -0.3071326310263255, -0.6289499686188358, 0.0003802644208912742, -0.043919480473255994, 0.0]
[-0.27643943315625924, -0.30079269157322164, -0.6373220056053179, 0.0004203809116642426, -0.044937630293437676, 0.0]
[-0.2826117492982599, -0.2944849569547692, -0.6456156672644198, 0.0004744841129326722, -0.045988149407444744, 0.0]
[-0.28881168237712646, -0.28821257255128635, -0.6538292967486198, 0.0005345780574477736, -0.04727030712010724, 0.0]
[-0.2951394993095357, -0.2819685313719605, -0.6619662969978647, 0.0005713251093276957, -0.04818801098044021, 0.0]
[-0.3015023703285963, -0.275760295578183, -0.6700226544292022, 0.0006347999126671429, -0.04929895206868778, 0.0]
[-0.30795232593619637, -0.26958455169772877, -0.6780000893360435, 0.000680596205946877, -0.05029714512062391, 0.0]
[-0.3144574902246634, -0.2634443066909859, -0.6858969975717736, 0.000728757595067771, -0.05137424932222452, 0.0]
[-0.3210257861845065, -0.25733969536551493, -0.6937130669295922, 0.0007820480961448969, -0.052485667550613804, 0.0]
[-0.32767529504125903, -0.25126985493378784, -0.7014487828743501, 0.000813525736138669, -0.05352908172007998, 0.0]
[-0.33436627588763584, -0.24523906375527507, -0.7091014707195566, 0.0008799672438409234, -0.054737194914800884, 0.0]
[-0.3411282649935662, -0.23924548401833937, -0.7166721646646513, 0.0009420852996675898, -0.055940990957748966, 0.0]
[-0.347958880934926, -0.2332901909581668, -0.7241601474901531, 0.0010026854125728107, -0.05715665059140405, 0.0]
[-0.35485762126403225, -0.22737410545878461, -0.7315647944961868, 0.0010620707047484176, -0.05838920279766825, 0.0]
[-0.36182472281838873, -0.221498127610366, -0.738885486060171, 0.0011208648363912335, -0.05963938449138611, 0.0]
[-0.368862302474082, -0.2156630028172833, -0.7461216802696886, 0.0011770446340851545, -0.060897285926532145, 0.0]
[-0.3759680606966317, -0.2098699841922267, -0.7532725532839831, 0.0012359180504406008, -0.062177564599943315, 0.0]
[-0.3831472590280048, -0.20411956426599445, -0.7603377008256023, 0.0012908733620207054, -0.06345260773398625, 0.0]
[-0.3904263494694394, -0.19841012143390105, -0.7673176200502814, 0.0013291652868623887, -0.06457772674113801, 0.0]
[-0.39774046538985586, -0.1927493273263682, -0.7742085928073421, 0.0013842722109790844, -0.06591432296304747, 0.0]
[-0.4051243676293403, -0.18713487250946123, -0.7810114471287116, 0.0014386402763864967, -0.06726994466172234, 0.0]
[-0.41257781592325565, -0.18156802448436332, -0.7877253762942495, 0.0014930173158533757, -0.06864706109747015, 0.0]
[-0.42010039333279114, -0.17605010710383856, -0.7943495183992968, 0.001548566688251462, -0.07004871924928881, 0.0]
[-0.42769160861971295, -0.17058247387759504, -0.8008830429461503, 0.0016059268114729864, -0.07147834793491764, 0.0]
[-0.43536782979882155, -0.1651646252349917, -0.8073259587180659, 0.001652951833907445, -0.07284775425084916, 0.0]
[-0.4431001840585922, -0.1598011451367564, -0.8136758838345214, 0.001715057577683772, -0.07431367844646766, 0.0]
[-0.45090886964116195, -0.15449125949735096, -0.819932885214804, 0.0017746015346722728, -0.07576708503698974, 0.0]
[-0.4587945615970612, -0.14923621000240164, -0.8260963186723331, 0.0018328445765251342, -0.07720457346040176, 0.0]
[-0.46676127474772844, -0.14403706627542767, -0.832165305680294, 0.0018868589486474507, -0.07860574104434537, 0.0]
[-0.4748254627311826, -0.1388934391766441, -0.8381387230831221, 0.0019969686241613615, -0.079883921369138, 0.0]
[-0.48298003894132296, -0.13380723858164717, -0.8440175523556495, 0.0020277249609000694, -0.08107743898849983, 0.0]
[-0.49122747513598125, -0.1287798832235427, -0.8497997728967466, 0.002053522695309443, -0.08217390737999736, 0.0]
[-0.49944572887093963, -0.1238284961636212, -0.8554788735220179, 0.0020799046828257096, -0.08380731657291109, 0.0]
[-0.5076575433242776, -0.1189534425817992, -0.8610507145436153, 0.0023359375047661917, -0.08585243502025679, 0.0]
[-0.5160742831705297, -0.11412759479996083, -0.8665293123076709, 0.0025112048957382565, -0.0872141551369185, 0.0]
[-0.5245339341383606, -0.10937419537769194, -0.8719044296766486, 0.0027126548286945397, -0.08873024049102589, 0.0]
[-0.5329633479153922, -0.10470556010146286, -0.8771704557871002, 0.0029906063608839562, -0.09077079850064702, 0.0]
[-0.5415411144657248, -0.1000985742138094, -0.8823371243241189, 0.0032235007459323695, -0.0924186896355222, 0.0]
[-0.550319273980666, -0.0955463021231736, -0.8874092233117783, 0.003249051789002568, -0.09341230903522155, 0.0]
[-0.5592129630427771, -0.09106258387085317, -0.8923799475045534, 0.0031641437011239366, -0.09418504542790689, 0.0]
[-0.568214397892781, -0.08665066856400382, -0.8972458225069755, 0.003079170991185723, -0.09477596729589532, 0.0]
[-0.5773234708495447, -0.08231230828582493, -0.902006008289975, 0.0029811808040553947, -0.09518430551683947, 0.0]
[-0.5857459778425934, -0.07817218608085666, -0.9066023753035177, 0.0037582653987253923, -0.09937501900458395, 0.0]
[-0.5947807665793021, -0.07403297283206828, -0.9111252990045936, 0.004038448892197735, -0.10084017645364642, 0.0]
[-0.6038810699696326, -0.06997993231397603, -0.9155368836708812, 0.004318146194786588, -0.10231626345926748, 0.0]
[-0.6130314757731308, -0.06601747835576109, -0.9198351985343809, 0.004601083782176238, -0.10387495396303578, 0.0]
[-0.6222297362133256, -0.06214797254495955, -0.9240191254449254, 0.004884606234723563, -0.10552214446667647, 0.0]
[-0.6314806691951466, -0.058372700226083506, -0.9280878438501554, 0.005170152397973902, -0.10722851624931573, 0.0]
[-0.6407956542640739, -0.054691802028513564, -0.932040940064412, 0.0054563630179914205, -0.10893279293692837, 0.0]
[-0.6503117811842772, -0.0510846316267934, -0.935880880457306, 0.00593875521981692, -0.10996082074081791, 0.0]
[-0.6597004388579722, -0.04760678015691852, -0.9395982256860628, 0.00616148405018859, -0.11191164634747386, 0.0]
[-0.6691444474109697, -0.04423076611460023, -0.9431963137453214, 0.006392576039530138, -0.11388438304680532, 0.0]
[-0.6787152694636717, -0.04094533725258815, -0.9466797764218975, 0.00657167299336825, -0.11552714116502719, 0.0]
[-0.6883647136819772, -0.03776080924012731, -0.9500432626638554, 0.006775904300106743, -0.11706868595356315, 0.0]
[-0.6981085406619243, -0.03467557500636042, -0.9532886412751551, 0.006927813573225655, -0.1184269115457695, 0.0]
[-0.7078264971735942, -0.03171773306001558, -0.9563889710852813, 0.007803498526292342, -0.12017538576458565, 0.0]
[-0.7176254989876112, -0.02886260028960185, -0.9593800389447232, 0.008146146894012654, -0.12178938831226908, 0.0]
[-0.7274867428438926, -0.02611795506539168, -0.9622471203621826, 0.00849019666090466, -0.12335322229082689, 0.0]
[-0.7373697661923098, -0.02349339288989548, -0.9649864107773735, 0.008851997748433477, -0.12505237159586088, 0.0]
[-0.7472139626513795, -0.02100294293365486, -0.9675918486933167, 0.009279139357516347, -0.12716665745210426, 0.0]
[-0.7570530326925703, -0.018642026861617842, -0.9700651320317646, 0.009750953933855444, -0.12952537826765054, 0.0]
[-0.7500905304098758, -0.007987011431867237, -0.9706173622209826, 0.00948461753656093, -0.12760388462848968, 0.0]
[-0.7430412370562092, 0.002501902379381061, -0.971007647729033, 0.009241080426717672, -0.12609628841874418, 0.0]
[-0.7359015257302622, 0.012820005525296226, -0.971235604629585, 0.009028187395881552, -0.12502263912372688, 0.0]
[-0.728844851752741, 0.023001121176029128, -0.9713318632796041, 0.00805881085613089, -0.12356131408046907, 0.0]
[-0.7215367593857093, 0.03296735991089909, -0.9712342310704796, 0.007977122778451948, -0.1233072083885498, 0.0]
[-0.7143656266046582, 0.042793711017038244, -0.9709874360856846, 0.007974859137849689, -0.12241820739708979, 0.0]
[-0.7072688446953166, 0.052464733323036576, -0.9705919613788065, 0.007872613601213182, -0.12119489378761557, 0.0]
[-0.7002222251213862, 0.061971352937328375, -0.970045012093576, 0.007724558605769896, -0.11975577765901123, 0.0]
[-0.6932718664627392, 0.07131781206925579, -0.9693493909301915, 0.007532216082515879, -0.11788532104161634, 0.0]
[-0.686331159354874, 0.0804844106696523, -0.9684999300762092, 0.007301659097638583, -0.11599822567578254, 0.0]
[-0.6793809972548406, 0.08946428774624914, -0.967494907885551, 0.007074313607796536, -0.11418885349756032, 0.0]
[-0.6724296070024742, 0.09825591867060418, -0.966335112563371, 0.006860104075037369, -0.1124216002295492, 0.0]
[-0.6654355208552014, 0.10684953414382194, -0.965018584644704, 0.006670557809920657, -0.11089704723887664, 0.0]
[-0.6580017837033029, 0.11517888549963358, -0.9635341843423697, 0.006057542781462764, -0.11150655417912324, 0.0]
[-0.6509610948877451, 0.12337808117791918, -0.9619124033083802, 0.005751069996688606, -0.11029465594591012, 0.0]
[-0.6446818222319114, 0.13150805741468388, -0.9602026994089821, 0.00434966106642807, -0.10550567650428727, 0.0]
[-0.6373361493570675, 0.13925851896627237, -0.9582504659947236, 0.004597198390490457, -0.10584979097004835, 0.0]
[-0.6300653791245668, 0.14682125397169649, -0.9561549417638319, 0.004725878815181993, -0.10589586000369293, 0.0]
[-0.6228373004651101, 0.1541893764710544, -0.9539143059598115, 0.00479202792581526, -0.10580048569568788, 0.0]
[-0.615750211420744, 0.16137745148579122, -0.9515374383106323, 0.004661983826491209, -0.10509739201101491, 0.0]
[-0.6086270099223877, 0.16835483649605631, -0.9490087075398693, 0.00468738993813991, -0.10463527143384159, 0.0]
[-0.6019646410668986, 0.17520016918330583, -0.9463714461379386, 0.0040584930944848096, -0.10203941910306741, 0.0]
[-0.594988006570423, 0.1817885587682082, -0.9435623910635563, 0.003966661941799955, -0.10102053975139395, 0.0]
[-0.5879170461716814, 0.18815635311389894, -0.9406040919099574, 0.003943496767971981, -0.10053134471485115, 0.0]
[-0.5808984329918269, 0.1943255982382592, -0.9375078558594777, 0.0038478544343690355, -0.09987252282810087, 0.0]
[-0.5739560759224523, 0.20029939270752925, -0.9342754547359694, 0.0037130732080372384, -0.0989319753017538, 0.0]
[-0.5670268909765251, 0.20606825700240952, -0.9309039172507619, 0.00359484491049465, -0.0980152521584029, 0.0]
[-0.5607171633661978, 0.2117171474611959, -0.9274280409844294, 0.0032353154277234564, -0.09420581639076729, 0.0]
[-0.5534890752743945, 0.21703206966689212, -0.923766504368533, 0.0031783111928423216, -0.09491043595630155, 0.0]
[-0.5464756787018196, 0.22217099670495236, -0.9199782112295359, 0.0031987777658640773, -0.09467927295071907, 0.0]
[-0.5395907888247008, 0.22712311679167654, -0.9160625215481747, 0.003196026561787956, -0.09392805769972831, 0.0]
[-0.5327933062804164, 0.2318834187003446, -0.9120189715950623, 0.0031669328699792825, -0.09285646239585967, 0.0]
[-0.5260479031792812, 0.23644801989309336, -0.9078477018020961, 0.0030894064811188863, -0.09163720364637902, 0.0]
[-0.5193332245221068, 0.2408150660518678, -0.9035485607775006, 0.0029962154757777588, -0.09037572717868318, 0.0]
[-0.5127690503060338, 0.24500111456181733, -0.8991299832913787, 0.0027920378764393077, -0.08849215175019003, 0.0]
[-0.5060505217469127, 0.24896808382667873, -0.8945745178886806, 0.0027735257166962408, -0.08747119373200092, 0.0]
[-0.499362332262376, 0.2527417536129434, -0.889895343326794, 0.0027518345653146487, -0.0864180889990364, 0.0]
[-0.49270112497414925, 0.2563233386389003, -0.8850940238620234, 0.00271787823353523, -0.08535185178527205, 0.0]
[-0.4860698744809079, 0.2597147078038263, -0.8801719230570053, 0.0026762902659666224, -0.08425995000590884, 0.0]
[-0.47946301254256224, 0.262917192270511, -0.8751304577270529, 0.0026220229420338592, -0.08317202082521813, 0.0]
[-0.4728910303046927, 0.2659335909363881, -0.869971084990271, 0.0025791963290973173, -0.08203886991075701, 0.0]
[-0.4663424603641986, 0.26876471641723537, -0.8646950352058755, 0.002531860949135035, -0.08091861451800542, 0.0]
[-0.45981531157237054, 0.27141229233772257, -0.8593035960349901, 0.002484464647428872, -0.0798236286807151, 0.0]
[-0.45332286958882784, 0.2738798421146994, -0.8537985640207514, 0.0024483022333924853, -0.07869032070920018, 0.0]
[-0.4468192820252379, 0.27616460515482577, -0.8481797269227913, 0.0024081477612813438, -0.0777476588506685, 0.0]
[-0.4403469130451494, 0.27827336382350865, -0.8424500492402254, 0.002375605582782425, -0.07678876643403638, 0.0]
[-0.4339084468918803, 0.280208568090043, -0.8366112099416042, 0.0023373981230310325, -0.07580173838779958, 0.0]
[-0.42763067430890084, 0.2819851739015569, -0.8306697322654687, 0.0022848277092992575, -0.0741569027255599, 0.0]
[-0.4212175042427645, 0.28357542032981353, -0.8246140425778287, 0.002291855927258655, -0.0733297948759863, 0.0]
[-0.41490346308307213, 0.2850054415595858, -0.8184566732441286, 0.0022315748664757397, -0.07215435064311544, 0.0]
[-0.40868047277879516, 0.286276384807561, -0.8121983484788293, 0.0021149117920308247, -0.07067019050760426, 0.0]
[-0.40232050766375255, 0.28736848032343826, -0.805828500905744, 0.0021514035417254935, -0.07002307396982213, 0.0]
[-0.3960290097860753, 0.28830414484762396, -0.7993591148328996, 0.002146572295325969, -0.06918526606114124, 0.0]
[-0.3898120591669557, 0.2890860941683883, -0.7927915186638181, 0.002106534280974208, -0.06812628976107983, 0.0]
[-0.3835905247197793, 0.2897095318322529, -0.786124112735439, 0.0020177125170805807, -0.0672462982456268, 0.0]
[-0.37736028460728105, 0.29017606525363254, -0.7793557812563057, 0.0020283955293593876, -0.06656924004054357, 0.0]
[-0.3711062472811294, 0.2904881069574569, -0.7724933414390867, 0.0016834651768812647, -0.06617427287210306, 0.0]
[-0.3653130766705804, 0.290686844013866, -0.765544023282243, 0.0018466331120984036, -0.06359410812590831, 0.0]
[-0.35942728131391244, 0.29072841069364236, -0.7584989062604437, 0.0017185571495014903, -0.061642287702485365, 0.0]
[-0.3533072250324968, 0.29060432326986163, -0.7513485859756595, 0.0017643075390445376, -0.06105080547037782, 0.0]
[-0.34724956812962327, 0.2903410429805825, -0.7441071180490066, 0.0017643418777800964, -0.060306726750419974, 0.0]
[-0.34126849495236317, 0.2899419742767399, -0.7367758588439514, 0.0017355847221595209, -0.059336882812872783, 0.0]
[-0.33534240551581157, 0.2894074713593522, -0.7293548015595411, 0.001688266024994362, -0.05825201813738786, 0.0]
[-0.32945304649204554, 0.28873824942423726, -0.7218441561896342, 0.001626218993078194, -0.05714666360187368, 0.0]
[-0.3236235885693241, 0.28793810696583466, -0.7142454484883666, 0.0015560682816251668, -0.05590112968495529, 0.0]
[-0.31778336061242873, 0.2870039743659775, -0.7065570005781054, 0.0014865194752980303, -0.05488303147128606, 0.0]
[-0.3144947273597044, 0.28609204607602307, -0.6988425772042842, 0.0027872686333785405, -0.040719347051604515, 0.0]
[-0.3081982721876849, 0.2848714116911545, -0.6909644589882793, 0.002818875517588079, -0.04240137935398812, 0.0]
[-0.3020987565968598, 0.2835352011426141, -0.6830049956221087, 0.002812243855300784, -0.04324101999910989, 0.0]
[-0.29610068379935617, 0.2820804654048052, -0.6749622905598154, 0.00278719256287303, -0.043734144760294434, 0.0]
[-0.2901523315916781, 0.28050652626509687, -0.6668363889910238, 0.0026635376610357727, -0.04415164786403454, 0.0]
[-0.2843022309984201, 0.2788178190018426, -0.6586284302479523, 0.0025428922426860433, -0.0442363309687195, 0.0]
[-0.27853621767454906, 0.2770154090836536, -0.6503383887704542, 0.002451641884295395, -0.044060774317249016, 0.0]
[-0.27284986256066845, 0.27510083449130934, -0.6419668940351322, 0.0023656182377251515, -0.043646740380674266, 0.0]
[-0.2672232212544613, 0.27307472465774263, -0.6335139425786404, 0.0022780787057937765, -0.04309892139505825, 0.0]
[-0.2616400223192636, 0.2709378334228798, -0.6249794609840464, 0.0021943276731176743, -0.04250371908785013, 0.0]
[-0.256103637444541, 0.2686920896004124, -0.616364033571234, 0.0021131872549085226, -0.04184268745120818, 0.0]
[-0.25060651112637505, 0.2663386761393332, -0.6076678026453913, 0.002038273339299506, -0.04115611005368578, 0.0]
[-0.24515330337210509, 0.26387942804707404, -0.5988912713445302, 0.0019668081497844713, -0.040418702008179354, 0.0]
[-0.23974266690726243, 0.2613158390224428, -0.5900347458640122, 0.0018988946926943163, -0.039637377584656526, 0.0]
[-0.2343738582150659, 0.2586493720845334, -0.5810985248732766, 0.0018341793628470133, -0.038815759852019426, 0.0]
[-0.229045645131638, 0.25588137762694224, -0.5720828071778254, 0.001772222321661674, -0.037960229695018124, 0.0]
[-0.22375690875869875, 0.2530132972712933, -0.5629878118626706, 0.0017126812463430106, -0.03707657121909898, 0.0]
[-0.21850678064613682, 0.25004642191346504, -0.5538136492432417, 0.0016552634567570709, -0.03616892411910186, 0.0]
[-0.21329430316507156, 0.2469820657339768, -0.5445605579451874, 0.0015999200391400316, -0.03524228558966635, 0.0]
[-0.2081204874031282, 0.24382151171083713, -0.5352285425828112, 0.001546427391202353, -0.03429084881241269, 0.0]
[-0.20298719213107783, 0.24056614395301185, -0.525817822172094, 0.001494086697048393, -0.033303619028912906, 0.0]
[-0.19789420117078874, 0.23721717172910778, -0.5163284501508422, 0.0014426613084431454, -0.03228125309891181, 0.0]
[-0.19284331175808878, 0.23377568713040184, -0.5067603572960521, 0.0013920145536306372, -0.031213084522562957, 0.0]
[-0.1878251173075075, 0.2302425691647035, -0.4971133742975592, 0.0013439786043936957, -0.03015069790761041, 0.0]
[-0.18284080645352108, 0.22661884886915035, -0.48738743169497967, 0.0012938978180655433, -0.02908745327538619, 0.0]
[-0.17788815576743802, 0.22290551764718075, -0.47758237584861907, 0.0012417847644424272, -0.02803528474782219, 0.0]
[-0.17297297006606963, 0.21910376696537376, -0.4676981929885649, 0.0011872390631653268, -0.02696099445947082, 0.0]
[-0.16810009633815076, 0.21521469261711884, -0.45773481721873843, 0.001125486380956314, -0.025836248011754433, 0.0]
[-0.1632592580208836, 0.21123884886173142, -0.4476917891792455, 0.0010548986503711826, -0.024718619256054827, 0.0]
[-0.15841953207147966, 0.2071761286506708, -0.43756806573808016, 0.0010084628187494748, -0.023784517862524494, 0.0]
[-0.1535921973394511, 0.20302777166196892, -0.4273634052542502, 0.0010356713010541377, -0.022970515150845406, 0.0]
[-0.14885504626804907, 0.1987968423129041, -0.4170795546579004, 0.0010064185951222167, -0.021828964391001106, 0.0]
[-0.14411470694030346, 0.1944813580114277, -0.4067140528053183, 0.0009829662230255133, -0.020895840594069987, 0.0]
[-0.1394039138842126, 0.19008289502978792, -0.39626711388354735, 0.0009457318352781901, -0.01998233709521219, 0.0]
[-0.1347140153761813, 0.18560198712358453, -0.38573814798980427, 0.0009070015529393608, -0.01913855767015419, 0.0]
[-0.13003916540177704, 0.1810390232896697, -0.37512649426457395, 0.0008689531642525012, -0.018398495481192607, 0.0]
[-0.1253732342286896, 0.17639445354505032, -0.3644315051810839, 0.0008275189643125097, -0.017798482952126604, 0.0]
[-0.120721853583983, 0.171668962097749, -0.3536527277553194, 0.0007744003620152284, -0.01730596142167032, 0.0]
[-0.11609904754169954, 0.16686336567843757, -0.3427897537071424, 0.0007064663491527062, -0.01683850125683771, 0.0]
[-0.11147674155902261, 0.16197735777646657, -0.3318412057136998, 0.0006714995814836534, -0.016561911109445084, 0.0]
[-0.10688397488475614, 0.1570120351141967, -0.3208069866515742, 0.0006307070395539926, -0.016304601517798667, 0.0]
[-0.10233536166672753, 0.15196799020040513, -0.30968650932443714, 0.0005774938610816726, -0.01597878240883145, 0.0]
[-0.0978340564877141, 0.14684548761053967, -0.2984788388850559, 0.0005328799857312624, -0.015563761406616809, 0.0]
[-0.09338189949240693, 0.14164473681532294, -0.28718314842050036, 0.0004687248382248766, -0.015046618636463378, 0.0]
[-0.08898890300869292, 0.13636611048339017, -0.2757985404585654, 0.0004052556244672408, -0.014365105732517086, 0.0]
[-0.08463914680968186, 0.1310093199802769, -0.2643236868121006, 0.00035535136017465817, -0.0136125063640746, 0.0]
[-0.08031628309388095, 0.1255740573245908, -0.2527571928644531, 0.00031389569628022165, -0.01288651134113648, 0.0]
[-0.07602480770601913, 0.12006046381161554, -0.24109802503552286, 0.00027650417794421037, -0.01215886343764629, 0.0]
[-0.07172146212288402, 0.11446774215349136, -0.22934431802362532, 0.0002512769976891195, -0.011693225349873274, 0.0]
[-0.06748538575429948, 0.10879710441251918, -0.21749586709689414, 0.00022119100508591642, -0.011005408611264695, 0.0]
[-0.06328033752397086, 0.10304780233006436, -0.2055508343474594, 0.00019151271364966531, -0.010315348441694981, 0.0]
[-0.05910315914523584, 0.0972195544838599, -0.19350768995649273, 0.000166101993578012, -0.009641401071802495, 0.0]
[-0.05505983847700325, 0.09131333934029603, -0.18136581530452733, 0.00017132979986703113, -0.008324647989250946, 0.0]
[-0.050937150921697295, 0.08532619934672389, -0.16912168604101468, 0.00016418897942490433, -0.007685296347027823, 0.0]
[-0.04683749777499798, 0.0792590291106797, -0.15677460358769446, 0.0001357625815944362, -0.007089413890231079, 0.0]
[-0.0427694762322354, 0.07311146521893143, -0.14432285667905928, 9.848406813199867e-05, -0.006482418205560812, 0.0]
[-0.038731284914290454, 0.06688298503914025, -0.13176452405958852, 7.878103827808238e-05, -0.005874145130562831, 0.0]
[-0.03471875781798457, 0.060572861157484836, -0.11909752948857211, 6.553137786297913e-05, -0.005290053953154541, 0.0]
[-0.030735771619097463, 0.054180559461386515, -0.10631997937520636, 5.1821146882408957e-05, -0.004704254650764085, 0.0]
[-0.026784408467205333, 0.047705318887558974, -0.09342962812473693, 3.948236987715104e-05, -0.00410246366379016, 0.0]
[-0.022862897592297583, 0.04114625206176394, -0.08042412329952746, 2.885964424945446e-05, -0.0034946970779184583, 0.0]
[-0.018969067522582667, 0.03450245939105829, -0.06730107591002513, 1.9711808841120778e-05, -0.0028935533157535896, 0.0]
[-0.01510124892147694, 0.02777299496567345, -0.054057965618006805, 1.559212315603007e-05, -0.002308448924978788, 0.0]
[-0.011259699000350494, 0.020956715889091652, -0.04069205769670153, 7.67704510676369e-06, -0.0017366887004052669, 0.0]
[-0.007448554727153813, 0.014052518134693619, -0.02720060743624498, 2.4961139510975553e-06, -0.001150614644680332, 0.0]
[-0.003665791700261398, 0.007059138359171645, -0.013580623056371905, 4.154023445478486e-07, -0.0005614415469662918, 0.0]
